32 0.0015
233 0.0013
458 0.0013
610 0.0013
720 0.0013
880 0.0012
433 0.0012
612 0.0012
283 0.0012
740 0.0012
223 0.0012
157 0.0012
975 0.0012
515 0.0012
999 0.0012
848 0.0012
572 0.0012
431 0.0012
266 0.0012
436 0.0012
159 0.0012
906 0.0012
586 0.0012
434 0.0012
897 0.0012
805 0.0012
901 0.0012
673 0.0012
998 0.0012
634 0.0012
516 0.0012
53 0.0012
992 0.0012
876 0.0011
448 0.0011
895 0.0011
175 0.0011
963 0.0011
559 0.0011
105 0.0011
630 0.0011
358 0.0011
359 0.0011
605 0.0011
170 0.0011
685 0.0011
669 0.0011
322 0.0011
754 0.0011
31 0.0011
457 0.0011
315 0.0011
4 0.0011
110 0.0011
206 0.0011
710 0.0011
934 0.0011
802 0.0011
696 0.0011
38 0.0011
604 0.0011
461 0.0011
742 0.0011
976 0.0011
686 0.0011
538 0.0011
525 0.0011
348 0.0011
166 0.0011
195 0.0011
99 0.0011
198 0.0011
102 0.0011
133 0.0011
873 0.0011
73 0.0011
28 0.0011
272 0.0011
496 0.0011
68 0.0011
277 0.0011
943 0.0011
730 0.0011
709 0.0011
942 0.0011
501 0.0011
771 0.0011
823 0.0011
197 0.0011
949 0.0011
378 0.0011
409 0.0011
527 0.0011
581 0.0011
333 0.0011
250 0.0011
543 0.0011
329 0.0011
900 0.0011
331 0.0011
623 0.0011
887 0.0011
20 0.0011
397 0.0011
654 0.0011
126 0.0011
841 0.0011
50 0.0011
238 0.0011
59 0.0011
902 0.0011
652 0.0011
84 0.0011
905 0.0011
421 0.0011
191 0.0011
762 0.0011
295 0.0011
776 0.0011
789 0.0011
801 0.0011
828 0.0011
978 0.0011
225 0.0011
58 0.0011
185 0.0011
257 0.0011
715 0.0010
670 0.0010
731 0.0010
52 0.0010
312 0.0010
785 0.0010
40 0.0010
360 0.0010
913 0.0010
356 0.0010
129 0.0010
449 0.0010
228 0.0010
226 0.0010
264 0.0010
713 0.0010
534 0.0010
827 0.0010
662 0.0010
676 0.0010
383 0.0010
948 0.0010
817 0.0010
505 0.0010
7 0.0010
325 0.0010
88 0.0010
511 0.0010
647 0.0010
856 0.0010
651 0.0010
380 0.0010
368 0.0010
337 0.0010
256 0.0010
174 0.0010
717 0.0010
980 0.0010
502 0.0010
235 0.0010
960 0.0010
386 0.0010
345 0.0010
907 0.0010
135 0.0010
204 0.0010
237 0.0010
857 0.0010
232 0.0010
988 0.0010
323 0.0010
71 0.0010
275 0.0010
955 0.0010
682 0.0010
475 0.0010
454 0.0010
528 0.0010
26 0.0010
321 0.0010
353 0.0010
487 0.0010
946 0.0010
640 0.0010
118 0.0010
596 0.0010
842 0.0010
858 0.0010
79 0.0010
702 0.0010
317 0.0010
350 0.0010
451 0.0010
219 0.0010
466 0.0010
400 0.0010
533 0.0010
338 0.0010
804 0.0010
778 0.0010
202 0.0010
783 0.0010
117 0.0010
884 0.0010
677 0.0010
293 0.0010
773 0.0010
509 0.0010
925 0.0010
892 0.0010
737 0.0010
820 0.0010
846 0.0010
423 0.0010
781 0.0010
375 0.0010
61 0.0010
767 0.0010
27 0.0010
663 0.0010
45 0.0010
987 0.0010
727 0.0010
666 0.0010
560 0.0010
216 0.0010
625 0.0010
67 0.0010
391 0.0010
51 0.0010
967 0.0010
903 0.0010
931 0.0010
196 0.0010
124 0.0010
540 0.0010
585 0.0010
83 0.0010
155 0.0010
891 0.0010
162 0.0010
282 0.0010
555 0.0010
866 0.0010
332 0.0010
286 0.0010
571 0.0010
251 0.0010
278 0.0010
832 0.0010
94 0.0010
831 0.0010
450 0.0010
443 0.0010
19 0.0010
809 0.0010
914 0.0010
63 0.0010
215 0.0010
520 0.0010
590 0.0010
308 0.0010
997 0.0010
217 0.0010
97 0.0010
660 0.0010
429 0.0010
218 0.0010
759 0.0010
531 0.0010
573 0.0010
274 0.0010
775 0.0010
933 0.0010
143 0.0010
678 0.0010
262 0.0010
377 0.0010
582 0.0010
796 0.0010
193 0.0010
957 0.0010
835 0.0010
850 0.0010
600 0.0010
57 0.0010
928 0.0010
14 0.0010
574 0.0010
64 0.0010
808 0.0010
199 0.0010
301 0.0010
60 0.0010
69 0.0010
760 0.0010
489 0.0010
909 0.0010
535 0.0010
986 0.0010
134 0.0010
575 0.0010
973 0.0010
281 0.0010
335 0.0010
137 0.0010
438 0.0010
284 0.0010
924 0.0010
745 0.0010
864 0.0010
694 0.0010
109 0.0010
865 0.0010
161 0.0010
704 0.0010
814 0.0010
130 0.0010
633 0.0010
944 0.0009
222 0.0009
351 0.0009
562 0.0009
940 0.0009
76 0.0009
563 0.0009
442 0.0009
252 0.0009
171 0.0009
253 0.0009
258 0.0009
615 0.0009
324 0.0009
834 0.0009
49 0.0009
362 0.0009
953 0.0009
186 0.0009
747 0.0009
464 0.0009
653 0.0009
631 0.0009
642 0.0009
815 0.0009
689 0.0009
675 0.0009
469 0.0009
819 0.0009
637 0.0009
319 0.0009
514 0.0009
521 0.0009
592 0.0009
974 0.0009
593 0.0009
33 0.0009
259 0.0009
479 0.0009
529 0.0009
305 0.0009
649 0.0009
635 0.0009
626 0.0009
478 0.0009
463 0.0009
370 0.0009
798 0.0009
437 0.0009
422 0.0009
229 0.0009
328 0.0009
62 0.0009
189 0.0009
748 0.0009
66 0.0009
263 0.0009
824 0.0009
269 0.0009
287 0.0009
951 0.0009
372 0.0009
665 0.0009
81 0.0009
629 0.0009
852 0.0009
971 0.0009
580 0.0009
8 0.0009
679 0.0009
46 0.0009
149 0.0009
811 0.0009
782 0.0009
412 0.0009
477 0.0009
424 0.0009
548 0.0009
453 0.0009
608 0.0009
681 0.0009
868 0.0009
620 0.0009
921 0.0009
772 0.0009
962 0.0009
739 0.0009
504 0.0009
207 0.0009
790 0.0009
508 0.0009
374 0.0009
597 0.0009
994 0.0009
394 0.0009
788 0.0009
706 0.0009
178 0.0009
211 0.0009
761 0.0009
919 0.0009
399 0.0009
316 0.0009
132 0.0009
307 0.0009
447 0.0009
607 0.0009
990 0.0009
765 0.0009
297 0.0009
139 0.0009
570 0.0009
922 0.0009
770 0.0009
794 0.0009
291 0.0009
123 0.0009
213 0.0009
561 0.0009
144 0.0009
181 0.0009
588 0.0009
142 0.0009
803 0.0009
416 0.0009
138 0.0009
894 0.0009
826 0.0009
417 0.0009
777 0.0009
209 0.0009
550 0.0009
90 0.0009
736 0.0009
491 0.0009
878 0.0009
912 0.0009
22 0.0009
869 0.0009
404 0.0009
403 0.0009
101 0.0009
188 0.0009
340 0.0009
526 0.0009
55 0.0009
363 0.0009
5 0.0009
569 0.0009
872 0.0009
929 0.0009
334 0.0009
231 0.0009
707 0.0009
664 0.0009
780 0.0009
462 0.0009
888 0.0009
668 0.0009
476 0.0009
271 0.0009
959 0.0009
958 0.0009
812 0.0009
918 0.0009
898 0.0009
603 0.0009
245 0.0009
42 0.0009
941 0.0009
12 0.0009
643 0.0009
847 0.0009
326 0.0009
719 0.0009
220 0.0009
833 0.0009
441 0.0009
37 0.0009
302 0.0009
92 0.0009
85 0.0009
556 0.0009
389 0.0009
125 0.0009
72 0.0009
584 0.0009
927 0.0009
981 0.0009
65 0.0009
938 0.0009
577 0.0009
890 0.0009
810 0.0009
108 0.0009
336 0.0009
112 0.0009
364 0.0009
830 0.0009
639 0.0009
591 0.0009
34 0.0009
583 0.0009
119 0.0009
103 0.0009
956 0.0009
439 0.0009
169 0.0009
432 0.0009
766 0.0009
460 0.0009
795 0.0009
595 0.0009
114 0.0009
381 0.0009
558 0.0009
726 0.0009
530 0.0009
886 0.0009
650 0.0009
860 0.0009
327 0.0009
392 0.0009
167 0.0009
724 0.0009
506 0.0009
10 0.0009
121 0.0009
751 0.0009
613 0.0009
579 0.0009
146 0.0009
23 0.0009
700 0.0009
455 0.0009
714 0.0009
473 0.0009
683 0.0009
242 0.0009
75 0.0009
904 0.0009
646 0.0009
361 0.0009
148 0.0009
545 0.0009
793 0.0009
147 0.0009
371 0.0009
158 0.0009
606 0.0009
806 0.0009
517 0.0009
729 0.0009
546 0.0009
467 0.0009
552 0.0009
792 0.0009
539 0.0009
915 0.0009
339 0.0009
837 0.0009
752 0.0009
472 0.0009
982 0.0009
261 0.0009
874 0.0009
48 0.0009
136 0.0009
300 0.0009
749 0.0009
695 0.0009
746 0.0009
836 0.0009
177 0.0009
799 0.0009
867 0.0009
41 0.0009
862 0.0009
113 0.0009
889 0.0009
393 0.0009
589 0.0009
735 0.0009
818 0.0009
0 0.0009
15 0.0009
172 0.0009
273 0.0009
255 0.0009
849 0.0009
240 0.0009
492 0.0009
180 0.0009
35 0.0009
512 0.0009
712 0.0009
618 0.0009
36 0.0009
734 0.0009
557 0.0009
406 0.0009
667 0.0009
116 0.0009
428 0.0009
357 0.0009
481 0.0009
122 0.0009
753 0.0009
875 0.0009
708 0.0009
816 0.0009
564 0.0009
936 0.0009
844 0.0009
716 0.0009
6 0.0009
249 0.0009
937 0.0009
965 0.0009
425 0.0009
916 0.0009
655 0.0009
150 0.0009
769 0.0009
549 0.0009
168 0.0009
684 0.0009
791 0.0009
989 0.0009
692 0.0009
354 0.0009
306 0.0009
614 0.0009
763 0.0009
418 0.0009
984 0.0009
140 0.0009
659 0.0009
387 0.0009
471 0.0009
347 0.0009
883 0.0009
388 0.0009
641 0.0008
917 0.0008
757 0.0008
541 0.0008
553 0.0008
456 0.0008
567 0.0008
355 0.0008
494 0.0008
415 0.0008
70 0.0008
518 0.0008
279 0.0008
522 0.0008
519 0.0008
621 0.0008
882 0.0008
9 0.0008
616 0.0008
182 0.0008
657 0.0008
954 0.0008
214 0.0008
483 0.0008
536 0.0008
484 0.0008
25 0.0008
107 0.0008
311 0.0008
30 0.0008
234 0.0008
542 0.0008
200 0.0008
395 0.0008
411 0.0008
932 0.0008
365 0.0008
510 0.0008
470 0.0008
16 0.0008
426 0.0008
779 0.0008
296 0.0008
908 0.0008
77 0.0008
743 0.0008
304 0.0008
294 0.0008
859 0.0008
390 0.0008
499 0.0008
39 0.0008
486 0.0008
764 0.0008
465 0.0008
568 0.0008
807 0.0008
602 0.0008
547 0.0008
419 0.0008
382 0.0008
871 0.0008
236 0.0008
427 0.0008
320 0.0008
402 0.0008
221 0.0008
145 0.0008
285 0.0008
270 0.0008
671 0.0008
840 0.0008
379 0.0008
619 0.0008
82 0.0008
839 0.0008
227 0.0008
733 0.0008
899 0.0008
701 0.0008
881 0.0008
120 0.0008
408 0.0008
163 0.0008
601 0.0008
482 0.0008
141 0.0008
260 0.0008
203 0.0008
18 0.0008
979 0.0008
1 0.0008
410 0.0008
342 0.0008
104 0.0008
91 0.0008
106 0.0008
100 0.0008
96 0.0008
280 0.0008
672 0.0008
244 0.0008
367 0.0008
885 0.0008
544 0.0008
797 0.0008
503 0.0008
628 0.0008
893 0.0008
474 0.0008
248 0.0008
24 0.0008
373 0.0008
532 0.0008
691 0.0008
721 0.0008
452 0.0008
821 0.0008
985 0.0008
87 0.0008
594 0.0008
690 0.0008
970 0.0008
93 0.0008
95 0.0008
711 0.0008
854 0.0008
276 0.0008
863 0.0008
786 0.0008
648 0.0008
414 0.0008
851 0.0008
480 0.0008
444 0.0008
98 0.0008
972 0.0008
385 0.0008
755 0.0008
576 0.0008
611 0.0008
192 0.0008
111 0.0008
54 0.0008
299 0.0008
47 0.0008
877 0.0008
398 0.0008
910 0.0008
241 0.0008
164 0.0008
160 0.0008
184 0.0008
996 0.0008
201 0.0008
154 0.0008
290 0.0008
513 0.0008
89 0.0008
977 0.0008
176 0.0008
879 0.0008
407 0.0008
230 0.0008
44 0.0008
768 0.0008
622 0.0008
674 0.0008
254 0.0008
247 0.0008
224 0.0008
344 0.0008
246 0.0008
346 0.0008
440 0.0008
151 0.0008
190 0.0008
741 0.0008
523 0.0008
265 0.0008
330 0.0008
493 0.0008
658 0.0008
697 0.0008
732 0.0008
495 0.0008
947 0.0008
945 0.0008
29 0.0008
313 0.0008
78 0.0008
661 0.0008
968 0.0008
725 0.0008
861 0.0008
318 0.0008
420 0.0008
930 0.0008
991 0.0008
205 0.0008
288 0.0008
966 0.0008
384 0.0008
430 0.0008
950 0.0008
17 0.0008
935 0.0008
705 0.0008
376 0.0008
396 0.0008
703 0.0008
349 0.0008
243 0.0008
187 0.0008
551 0.0008
565 0.0008
498 0.0008
784 0.0008
961 0.0008
723 0.0008
896 0.0008
853 0.0008
923 0.0008
267 0.0008
490 0.0008
303 0.0008
210 0.0007
829 0.0007
993 0.0007
609 0.0007
926 0.0007
813 0.0007
636 0.0007
156 0.0007
183 0.0007
401 0.0007
153 0.0007
787 0.0007
446 0.0007
656 0.0007
115 0.0007
11 0.0007
13 0.0007
43 0.0007
310 0.0007
497 0.0007
750 0.0007
413 0.0007
756 0.0007
292 0.0007
952 0.0007
152 0.0007
624 0.0007
632 0.0007
343 0.0007
822 0.0007
445 0.0007
3 0.0007
127 0.0007
587 0.0007
239 0.0007
843 0.0007
289 0.0007
983 0.0007
369 0.0007
838 0.0007
825 0.0007
507 0.0007
341 0.0007
638 0.0007
969 0.0007
80 0.0007
744 0.0007
855 0.0007
680 0.0007
964 0.0007
500 0.0007
459 0.0007
728 0.0007
598 0.0007
617 0.0007
21 0.0007
194 0.0007
352 0.0007
298 0.0007
718 0.0007
128 0.0007
693 0.0007
698 0.0007
920 0.0007
131 0.0007
468 0.0007
165 0.0007
911 0.0007
699 0.0007
86 0.0007
212 0.0007
208 0.0007
405 0.0007
366 0.0007
645 0.0007
870 0.0007
173 0.0007
566 0.0007
939 0.0007
2 0.0007
644 0.0007
774 0.0007
995 0.0007
578 0.0007
800 0.0007
738 0.0007
74 0.0007
314 0.0007
627 0.0007
758 0.0007
554 0.0006
179 0.0006
599 0.0006
845 0.0006
435 0.0006
687 0.0006
56 0.0006
524 0.0006
485 0.0006
722 0.0006
268 0.0006
488 0.0006
688 0.0006
537 0.0006
309 0.0006
