32 0.5322
610 0.5314
233 0.5311
458 0.5308
515 0.5303
720 0.5303
433 0.5300
434 0.5300
322 0.5297
431 0.5297
516 0.5297
848 0.5297
880 0.5297
436 0.5294
527 0.5294
740 0.5294
897 0.5294
999 0.5294
38 0.5291
157 0.5291
283 0.5291
572 0.5291
895 0.5291
901 0.5291
963 0.5291
998 0.5291
99 0.5289
170 0.5289
266 0.5289
272 0.5289
525 0.5289
612 0.5289
673 0.5289
754 0.5289
876 0.5289
975 0.5289
992 0.5289
28 0.5286
59 0.5286
129 0.5286
159 0.5286
166 0.5286
175 0.5286
198 0.5286
250 0.5286
356 0.5286
359 0.5286
448 0.5286
496 0.5286
501 0.5286
586 0.5286
604 0.5286
605 0.5286
805 0.5286
53 0.5283
68 0.5283
73 0.5283
84 0.5283
88 0.5283
105 0.5283
126 0.5283
195 0.5283
206 0.5283
223 0.5283
226 0.5283
257 0.5283
277 0.5283
315 0.5283
358 0.5283
457 0.5283
461 0.5283
634 0.5283
654 0.5283
685 0.5283
710 0.5283
802 0.5283
857 0.5283
905 0.5283
906 0.5283
934 0.5283
976 0.5283
4 0.5280
31 0.5280
102 0.5280
110 0.5280
238 0.5280
329 0.5280
378 0.5280
449 0.5280
475 0.5280
538 0.5280
559 0.5280
630 0.5280
669 0.5280
686 0.5280
696 0.5280
709 0.5280
900 0.5280
902 0.5280
943 0.5280
50 0.5277
58 0.5277
118 0.5277
133 0.5277
174 0.5277
197 0.5277
321 0.5277
333 0.5277
345 0.5277
348 0.5277
397 0.5277
409 0.5277
421 0.5277
509 0.5277
543 0.5277
623 0.5277
652 0.5277
731 0.5277
742 0.5277
762 0.5277
785 0.5277
827 0.5277
856 0.5277
873 0.5277
942 0.5277
946 0.5277
949 0.5277
20 0.5275
40 0.5275
45 0.5275
185 0.5275
225 0.5275
237 0.5275
264 0.5275
275 0.5275
295 0.5275
338 0.5275
380 0.5275
487 0.5275
502 0.5275
511 0.5275
581 0.5275
625 0.5275
670 0.5275
715 0.5275
730 0.5275
776 0.5275
783 0.5275
789 0.5275
801 0.5275
817 0.5275
823 0.5275
832 0.5275
841 0.5275
887 0.5275
948 0.5275
955 0.5275
960 0.5275
7 0.5272
83 0.5272
117 0.5272
135 0.5272
204 0.5272
228 0.5272
256 0.5272
274 0.5272
325 0.5272
337 0.5272
353 0.5272
360 0.5272
368 0.5272
423 0.5272
454 0.5272
528 0.5272
533 0.5272
571 0.5272
647 0.5272
662 0.5272
676 0.5272
682 0.5272
702 0.5272
713 0.5272
759 0.5272
767 0.5272
771 0.5272
835 0.5272
842 0.5272
846 0.5272
858 0.5272
978 0.5272
988 0.5272
19 0.5269
26 0.5269
33 0.5269
52 0.5269
61 0.5269
71 0.5269
134 0.5269
155 0.5269
191 0.5269
202 0.5269
215 0.5269
218 0.5269
219 0.5269
253 0.5269
278 0.5269
286 0.5269
293 0.5269
308 0.5269
317 0.5269
319 0.5269
331 0.5269
386 0.5269
400 0.5269
466 0.5269
505 0.5269
534 0.5269
596 0.5269
640 0.5269
651 0.5269
666 0.5269
677 0.5269
717 0.5269
773 0.5269
778 0.5269
811 0.5269
828 0.5269
865 0.5269
866 0.5269
892 0.5269
907 0.5269
913 0.5269
925 0.5269
933 0.5269
953 0.5269
957 0.5269
42 0.5266
51 0.5266
64 0.5266
67 0.5266
79 0.5266
81 0.5266
97 0.5266
109 0.5266
130 0.5266
162 0.5266
171 0.5266
196 0.5266
216 0.5266
217 0.5266
232 0.5266
235 0.5266
269 0.5266
282 0.5266
312 0.5266
323 0.5266
328 0.5266
335 0.5266
351 0.5266
383 0.5266
424 0.5266
437 0.5266
438 0.5266
450 0.5266
464 0.5266
469 0.5266
520 0.5266
521 0.5266
535 0.5266
560 0.5266
600 0.5266
642 0.5266
660 0.5266
678 0.5266
727 0.5266
737 0.5266
775 0.5266
804 0.5266
808 0.5266
815 0.5266
850 0.5266
868 0.5266
872 0.5266
884 0.5266
909 0.5266
921 0.5266
931 0.5266
973 0.5266
980 0.5266
987 0.5266
12 0.5263
14 0.5263
27 0.5263
46 0.5263
57 0.5263
62 0.5263
94 0.5263
137 0.5263
189 0.5263
222 0.5263
258 0.5263
281 0.5263
332 0.5263
350 0.5263
375 0.5263
377 0.5263
391 0.5263
399 0.5263
416 0.5263
422 0.5263
429 0.5263
443 0.5263
451 0.5263
481 0.5263
489 0.5263
491 0.5263
514 0.5263
529 0.5263
531 0.5263
540 0.5263
563 0.5263
575 0.5263
588 0.5263
590 0.5263
631 0.5263
663 0.5263
675 0.5263
679 0.5263
777 0.5263
781 0.5263
782 0.5263
790 0.5263
796 0.5263
809 0.5263
820 0.5263
824 0.5263
831 0.5263
834 0.5263
852 0.5263
891 0.5263
894 0.5263
903 0.5263
914 0.5263
924 0.5263
928 0.5263
962 0.5263
974 0.5263
997 0.5263
5 0.5261
37 0.5261
49 0.5261
60 0.5261
63 0.5261
66 0.5261
90 0.5261
103 0.5261
121 0.5261
124 0.5261
143 0.5261
149 0.5261
186 0.5261
199 0.5261
251 0.5261
252 0.5261
259 0.5261
301 0.5261
324 0.5261
326 0.5261
362 0.5261
374 0.5261
389 0.5261
442 0.5261
463 0.5261
467 0.5261
477 0.5261
479 0.5261
555 0.5261
569 0.5261
574 0.5261
580 0.5261
584 0.5261
585 0.5261
592 0.5261
608 0.5261
613 0.5261
615 0.5261
633 0.5261
689 0.5261
736 0.5261
745 0.5261
814 0.5261
819 0.5261
847 0.5261
864 0.5261
878 0.5261
915 0.5261
927 0.5261
940 0.5261
941 0.5261
944 0.5261
951 0.5261
967 0.5261
10 0.5258
34 0.5258
35 0.5258
55 0.5258
72 0.5258
76 0.5258
85 0.5258
123 0.5258
125 0.5258
139 0.5258
150 0.5258
169 0.5258
181 0.5258
188 0.5258
207 0.5258
211 0.5258
262 0.5258
263 0.5258
284 0.5258
297 0.5258
302 0.5258
305 0.5258
316 0.5258
340 0.5258
381 0.5258
417 0.5258
441 0.5258
447 0.5258
476 0.5258
478 0.5258
504 0.5258
508 0.5258
526 0.5258
546 0.5258
550 0.5258
558 0.5258
561 0.5258
562 0.5258
570 0.5258
573 0.5258
582 0.5258
593 0.5258
597 0.5258
620 0.5258
626 0.5258
635 0.5258
637 0.5258
649 0.5258
694 0.5258
704 0.5258
706 0.5258
707 0.5258
719 0.5258
726 0.5258
747 0.5258
751 0.5258
760 0.5258
765 0.5258
770 0.5258
772 0.5258
780 0.5258
788 0.5258
794 0.5258
798 0.5258
812 0.5258
836 0.5258
867 0.5258
874 0.5258
881 0.5258
888 0.5258
890 0.5258
918 0.5258
919 0.5258
922 0.5258
938 0.5258
959 0.5258
981 0.5258
0 0.5255
8 0.5255
22 0.5255
36 0.5255
69 0.5255
75 0.5255
119 0.5255
132 0.5255
138 0.5255
161 0.5255
177 0.5255
193 0.5255
209 0.5255
213 0.5255
220 0.5255
229 0.5255
231 0.5255
279 0.5255
287 0.5255
291 0.5255
304 0.5255
307 0.5255
327 0.5255
334 0.5255
363 0.5255
370 0.5255
394 0.5255
404 0.5255
412 0.5255
432 0.5255
460 0.5255
484 0.5255
506 0.5255
548 0.5255
552 0.5255
556 0.5255
564 0.5255
567 0.5255
583 0.5255
591 0.5255
629 0.5255
643 0.5255
653 0.5255
659 0.5255
664 0.5255
665 0.5255
700 0.5255
734 0.5255
748 0.5255
761 0.5255
764 0.5255
766 0.5255
791 0.5255
803 0.5255
816 0.5255
826 0.5255
860 0.5255
869 0.5255
898 0.5255
912 0.5255
990 0.5255
994 0.5255
15 0.5252
25 0.5252
41 0.5252
65 0.5252
101 0.5252
108 0.5252
112 0.5252
114 0.5252
116 0.5252
120 0.5252
142 0.5252
144 0.5252
147 0.5252
168 0.5252
178 0.5252
240 0.5252
242 0.5252
245 0.5252
261 0.5252
271 0.5252
306 0.5252
355 0.5252
364 0.5252
365 0.5252
372 0.5252
390 0.5252
453 0.5252
462 0.5252
473 0.5252
492 0.5252
494 0.5252
499 0.5252
518 0.5252
549 0.5252
606 0.5252
607 0.5252
628 0.5252
639 0.5252
646 0.5252
681 0.5252
683 0.5252
714 0.5252
757 0.5252
779 0.5252
793 0.5252
806 0.5252
818 0.5252
833 0.5252
837 0.5252
859 0.5252
862 0.5252
889 0.5252
904 0.5252
937 0.5252
954 0.5252
971 0.5252
1 0.5250
6 0.5250
9 0.5250
23 0.5250
77 0.5250
92 0.5250
95 0.5250
122 0.5250
140 0.5250
145 0.5250
158 0.5250
182 0.5250
203 0.5250
214 0.5250
255 0.5250
280 0.5250
296 0.5250
300 0.5250
320 0.5250
336 0.5250
357 0.5250
361 0.5250
387 0.5250
392 0.5250
426 0.5250
427 0.5250
428 0.5250
439 0.5250
455 0.5250
483 0.5250
510 0.5250
517 0.5250
530 0.5250
539 0.5250
577 0.5250
595 0.5250
603 0.5250
614 0.5250
619 0.5250
641 0.5250
655 0.5250
684 0.5250
723 0.5250
724 0.5250
735 0.5250
739 0.5250
746 0.5250
752 0.5250
753 0.5250
769 0.5250
786 0.5250
792 0.5250
797 0.5250
807 0.5250
810 0.5250
830 0.5250
839 0.5250
844 0.5250
875 0.5250
882 0.5250
883 0.5250
886 0.5250
929 0.5250
936 0.5250
958 0.5250
985 0.5250
986 0.5250
989 0.5250
30 0.5247
39 0.5247
48 0.5247
70 0.5247
98 0.5247
107 0.5247
113 0.5247
136 0.5247
146 0.5247
163 0.5247
167 0.5247
172 0.5247
180 0.5247
200 0.5247
227 0.5247
270 0.5247
273 0.5247
285 0.5247
290 0.5247
294 0.5247
339 0.5247
347 0.5247
354 0.5247
379 0.5247
382 0.5247
393 0.5247
402 0.5247
406 0.5247
411 0.5247
418 0.5247
425 0.5247
456 0.5247
465 0.5247
474 0.5247
486 0.5247
532 0.5247
541 0.5247
545 0.5247
547 0.5247
579 0.5247
602 0.5247
650 0.5247
657 0.5247
667 0.5247
668 0.5247
691 0.5247
695 0.5247
708 0.5247
729 0.5247
743 0.5247
749 0.5247
821 0.5247
840 0.5247
849 0.5247
853 0.5247
863 0.5247
916 0.5247
917 0.5247
956 0.5247
965 0.5247
979 0.5247
17 0.5244
44 0.5244
47 0.5244
82 0.5244
87 0.5244
91 0.5244
96 0.5244
100 0.5244
154 0.5244
221 0.5244
230 0.5244
234 0.5244
236 0.5244
244 0.5244
248 0.5244
249 0.5244
367 0.5244
371 0.5244
388 0.5244
407 0.5244
410 0.5244
414 0.5244
419 0.5244
452 0.5244
470 0.5244
472 0.5244
480 0.5244
482 0.5244
512 0.5244
519 0.5244
536 0.5244
542 0.5244
544 0.5244
553 0.5244
557 0.5244
589 0.5244
621 0.5244
622 0.5244
648 0.5244
672 0.5244
692 0.5244
701 0.5244
712 0.5244
716 0.5244
733 0.5244
741 0.5244
755 0.5244
763 0.5244
799 0.5244
851 0.5244
885 0.5244
899 0.5244
910 0.5244
982 0.5244
984 0.5244
16 0.5241
18 0.5241
24 0.5241
78 0.5241
104 0.5241
106 0.5241
141 0.5241
148 0.5241
151 0.5241
184 0.5241
192 0.5241
224 0.5241
241 0.5241
265 0.5241
276 0.5241
342 0.5241
346 0.5241
373 0.5241
376 0.5241
385 0.5241
395 0.5241
403 0.5241
408 0.5241
415 0.5241
440 0.5241
444 0.5241
471 0.5241
522 0.5241
616 0.5241
618 0.5241
658 0.5241
661 0.5241
671 0.5241
711 0.5241
721 0.5241
813 0.5241
854 0.5241
855 0.5241
871 0.5241
893 0.5241
908 0.5241
945 0.5241
972 0.5241
977 0.5241
29 0.5239
54 0.5239
89 0.5239
111 0.5239
127 0.5239
260 0.5239
311 0.5239
398 0.5239
493 0.5239
495 0.5239
498 0.5239
503 0.5239
568 0.5239
576 0.5239
601 0.5239
609 0.5239
611 0.5239
632 0.5239
705 0.5239
795 0.5239
822 0.5239
829 0.5239
861 0.5239
932 0.5239
935 0.5239
947 0.5239
968 0.5239
970 0.5239
991 0.5239
996 0.5239
43 0.5236
93 0.5236
160 0.5236
164 0.5236
183 0.5236
201 0.5236
205 0.5236
243 0.5236
246 0.5236
247 0.5236
254 0.5236
288 0.5236
289 0.5236
299 0.5236
313 0.5236
318 0.5236
384 0.5236
396 0.5236
420 0.5236
490 0.5236
551 0.5236
587 0.5236
594 0.5236
656 0.5236
674 0.5236
690 0.5236
750 0.5236
768 0.5236
784 0.5236
877 0.5236
879 0.5236
950 0.5236
961 0.5236
966 0.5236
115 0.5233
152 0.5233
156 0.5233
176 0.5233
187 0.5233
190 0.5233
267 0.5233
292 0.5233
303 0.5233
344 0.5233
349 0.5233
369 0.5233
401 0.5233
430 0.5233
446 0.5233
497 0.5233
513 0.5233
565 0.5233
636 0.5233
703 0.5233
725 0.5233
732 0.5233
838 0.5233
843 0.5233
923 0.5233
926 0.5233
930 0.5233
952 0.5233
993 0.5233
3 0.5230
11 0.5230
194 0.5230
210 0.5230
239 0.5230
314 0.5230
352 0.5230
507 0.5230
697 0.5230
728 0.5230
756 0.5230
787 0.5230
13 0.5228
153 0.5228
310 0.5228
330 0.5228
341 0.5228
343 0.5228
413 0.5228
459 0.5228
523 0.5228
624 0.5228
896 0.5228
983 0.5228
21 0.5225
80 0.5225
128 0.5225
131 0.5225
165 0.5225
208 0.5225
298 0.5225
445 0.5225
500 0.5225
598 0.5225
617 0.5225
638 0.5225
645 0.5225
680 0.5225
693 0.5225
718 0.5225
744 0.5225
825 0.5225
920 0.5225
2 0.5222
86 0.5222
179 0.5222
212 0.5222
366 0.5222
468 0.5222
578 0.5222
599 0.5222
699 0.5222
870 0.5222
911 0.5222
964 0.5222
969 0.5222
74 0.5219
268 0.5219
405 0.5219
566 0.5219
687 0.5219
800 0.5219
845 0.5219
939 0.5219
995 0.5219
56 0.5217
173 0.5217
435 0.5217
488 0.5217
644 0.5217
774 0.5217
485 0.5214
554 0.5214
627 0.5214
688 0.5214
698 0.5214
738 0.5214
524 0.5211
537 0.5211
722 0.5211
758 0.5211
309 0.5203
