32 0.0013
233 0.0012
610 0.0012
458 0.0012
720 0.0012
515 0.0012
433 0.0012
434 0.0012
516 0.0012
880 0.0012
740 0.0011
848 0.0011
322 0.0011
431 0.0011
436 0.0011
157 0.0011
999 0.0011
572 0.0011
283 0.0011
38 0.0011
897 0.0011
527 0.0011
963 0.0011
998 0.0011
901 0.0011
612 0.0011
975 0.0011
170 0.0011
359 0.0011
99 0.0011
272 0.0011
754 0.0011
525 0.0011
266 0.0011
673 0.0011
992 0.0011
159 0.0011
223 0.0011
895 0.0011
586 0.0011
605 0.0011
876 0.0011
448 0.0011
198 0.0011
604 0.0011
356 0.0011
461 0.0011
28 0.0011
685 0.0011
358 0.0011
802 0.0011
496 0.0011
175 0.0011
59 0.0011
710 0.0011
976 0.0011
206 0.0011
105 0.0011
250 0.0011
805 0.0011
634 0.0011
501 0.0011
906 0.0011
166 0.0011
538 0.0011
4 0.0011
873 0.0011
934 0.0011
129 0.0011
195 0.0011
110 0.0011
457 0.0011
654 0.0011
630 0.0011
126 0.0011
257 0.0011
53 0.0011
669 0.0011
559 0.0011
88 0.0011
226 0.0011
68 0.0011
543 0.0011
31 0.0011
709 0.0011
686 0.0011
348 0.0011
277 0.0011
696 0.0011
449 0.0011
652 0.0011
73 0.0011
900 0.0011
857 0.0011
133 0.0011
905 0.0011
730 0.0011
315 0.0011
397 0.0011
102 0.0011
731 0.0011
84 0.0011
943 0.0011
409 0.0011
197 0.0011
329 0.0011
817 0.0011
333 0.0011
823 0.0011
742 0.0011
295 0.0011
827 0.0011
789 0.0011
421 0.0011
378 0.0011
949 0.0011
238 0.0011
380 0.0011
623 0.0011
946 0.0011
475 0.0011
50 0.0011
509 0.0011
118 0.0011
762 0.0011
902 0.0011
321 0.0011
942 0.0011
856 0.0011
360 0.0011
715 0.0011
841 0.0011
785 0.0011
978 0.0011
264 0.0011
174 0.0011
338 0.0011
581 0.0011
40 0.0011
487 0.0011
58 0.0011
625 0.0011
534 0.0011
662 0.0011
887 0.0011
185 0.0011
511 0.0011
948 0.0011
676 0.0011
670 0.0011
955 0.0011
647 0.0011
275 0.0011
832 0.0011
682 0.0011
45 0.0011
237 0.0011
771 0.0011
776 0.0011
801 0.0011
960 0.0011
204 0.0011
117 0.0011
783 0.0011
135 0.0011
331 0.0011
345 0.0011
846 0.0011
502 0.0011
228 0.0011
20 0.0011
325 0.0011
83 0.0011
225 0.0011
702 0.0011
134 0.0011
454 0.0011
713 0.0011
423 0.0011
323 0.0011
666 0.0011
7 0.0011
533 0.0011
988 0.0011
767 0.0011
191 0.0011
368 0.0011
202 0.0011
640 0.0011
571 0.0011
337 0.0011
79 0.0011
677 0.0011
596 0.0011
253 0.0011
892 0.0011
274 0.0011
600 0.0011
317 0.0011
528 0.0011
71 0.0011
353 0.0011
219 0.0011
759 0.0011
52 0.0011
717 0.0011
319 0.0011
256 0.0011
858 0.0011
842 0.0011
400 0.0011
778 0.0011
155 0.0011
835 0.0010
33 0.0010
907 0.0010
980 0.0010
218 0.0010
651 0.0010
811 0.0010
26 0.0010
828 0.0010
232 0.0010
312 0.0010
773 0.0010
293 0.0010
505 0.0010
308 0.0010
957 0.0010
466 0.0010
953 0.0010
913 0.0010
865 0.0010
19 0.0010
903 0.0010
351 0.0010
386 0.0010
933 0.0010
383 0.0010
215 0.0010
737 0.0010
727 0.0010
925 0.0010
335 0.0010
850 0.0010
328 0.0010
973 0.0010
884 0.0010
535 0.0010
162 0.0010
61 0.0010
222 0.0010
438 0.0010
775 0.0010
866 0.0010
464 0.0010
27 0.0010
987 0.0010
931 0.0010
808 0.0010
831 0.0010
804 0.0010
235 0.0010
375 0.0010
642 0.0010
429 0.0010
171 0.0010
660 0.0010
469 0.0010
286 0.0010
815 0.0010
521 0.0010
196 0.0010
282 0.0010
560 0.0010
109 0.0010
332 0.0010
909 0.0010
928 0.0010
852 0.0010
678 0.0010
67 0.0010
962 0.0010
424 0.0010
130 0.0010
377 0.0010
540 0.0010
57 0.0010
443 0.0010
451 0.0010
278 0.0010
872 0.0010
891 0.0010
51 0.0010
258 0.0010
921 0.0010
216 0.0010
94 0.0010
12 0.0010
350 0.0010
520 0.0010
781 0.0010
450 0.0010
663 0.0010
137 0.0010
914 0.0010
974 0.0010
14 0.0010
924 0.0010
563 0.0010
97 0.0010
81 0.0010
675 0.0010
437 0.0010
124 0.0010
42 0.0010
64 0.0010
62 0.0010
820 0.0010
590 0.0010
834 0.0010
777 0.0010
416 0.0010
269 0.0010
259 0.0010
824 0.0010
481 0.0010
217 0.0010
796 0.0010
868 0.0010
514 0.0010
569 0.0010
281 0.0010
422 0.0010
489 0.0010
894 0.0010
529 0.0010
707 0.0010
997 0.0010
46 0.0010
531 0.0010
631 0.0010
491 0.0010
374 0.0010
608 0.0010
326 0.0010
575 0.0010
941 0.0010
143 0.0010
940 0.0010
615 0.0010
391 0.0010
588 0.0010
585 0.0010
620 0.0010
592 0.0010
819 0.0010
189 0.0010
864 0.0010
736 0.0010
679 0.0010
782 0.0010
63 0.0010
944 0.0010
809 0.0010
262 0.0010
790 0.0010
747 0.0010
66 0.0010
689 0.0010
694 0.0010
399 0.0010
580 0.0010
251 0.0010
442 0.0010
199 0.0010
90 0.0010
5 0.0010
582 0.0010
417 0.0010
362 0.0010
49 0.0010
951 0.0010
745 0.0010
570 0.0010
555 0.0010
207 0.0010
967 0.0010
479 0.0010
447 0.0010
613 0.0010
847 0.0010
986 0.0010
149 0.0010
637 0.0010
55 0.0010
103 0.0010
284 0.0010
814 0.0010
324 0.0010
477 0.0010
573 0.0010
635 0.0010
186 0.0010
508 0.0010
574 0.0010
121 0.0010
633 0.0010
389 0.0010
584 0.0010
938 0.0010
922 0.0010
169 0.0010
881 0.0010
252 0.0010
69 0.0010
463 0.0010
467 0.0010
150 0.0010
915 0.0010
706 0.0010
927 0.0010
649 0.0010
287 0.0010
60 0.0010
772 0.0010
788 0.0010
441 0.0010
548 0.0010
301 0.0010
812 0.0010
760 0.0010
36 0.0010
959 0.0010
878 0.0010
550 0.0010
798 0.0010
704 0.0010
794 0.0010
626 0.0010
836 0.0010
193 0.0010
546 0.0010
139 0.0010
263 0.0010
526 0.0010
562 0.0010
327 0.0010
719 0.0010
297 0.0010
381 0.0010
181 0.0010
85 0.0010
478 0.0010
229 0.0010
370 0.0010
132 0.0010
291 0.0010
653 0.0010
971 0.0010
597 0.0010
780 0.0010
643 0.0010
76 0.0010
188 0.0010
305 0.0010
981 0.0010
340 0.0010
748 0.0010
734 0.0010
919 0.0010
593 0.0010
211 0.0010
119 0.0010
10 0.0010
726 0.0010
209 0.0010
476 0.0010
629 0.0010
231 0.0010
394 0.0010
123 0.0010
504 0.0010
888 0.0010
177 0.0010
765 0.0010
72 0.0010
739 0.0010
138 0.0010
766 0.0010
108 0.0010
761 0.0010
770 0.0010
125 0.0010
34 0.0010
220 0.0010
874 0.0010
664 0.0010
561 0.0010
994 0.0010
363 0.0010
751 0.0010
890 0.0010
453 0.0010
404 0.0010
316 0.0010
918 0.0010
302 0.0010
8 0.0010
144 0.0010
506 0.0010
826 0.0010
142 0.0010
659 0.0010
37 0.0010
665 0.0010
912 0.0010
869 0.0010
161 0.0010
591 0.0010
242 0.0010
764 0.0010
213 0.0010
492 0.0010
494 0.0010
35 0.0010
567 0.0010
412 0.0010
564 0.0010
681 0.0010
867 0.0010
700 0.0010
0 0.0010
583 0.0010
307 0.0010
714 0.0010
460 0.0010
304 0.0010
334 0.0010
75 0.0010
904 0.0010
606 0.0010
803 0.0010
558 0.0010
833 0.0010
816 0.0010
958 0.0010
65 0.0010
101 0.0010
261 0.0010
655 0.0010
22 0.0010
860 0.0010
898 0.0010
120 0.0010
114 0.0010
862 0.0010
990 0.0010
549 0.0010
390 0.0010
112 0.0010
271 0.0010
837 0.0010
372 0.0010
432 0.0010
791 0.0010
683 0.0010
178 0.0010
552 0.0010
646 0.0010
41 0.0010
462 0.0010
603 0.0010
518 0.0010
355 0.0010
140 0.0010
336 0.0010
240 0.0010
779 0.0010
92 0.0010
116 0.0010
279 0.0010
806 0.0010
937 0.0010
168 0.0010
25 0.0010
499 0.0010
306 0.0010
23 0.0010
280 0.0010
473 0.0010
956 0.0010
439 0.0010
296 0.0010
517 0.0010
668 0.0010
245 0.0010
182 0.0010
954 0.0010
639 0.0010
484 0.0010
365 0.0010
628 0.0010
539 0.0010
752 0.0010
15 0.0010
545 0.0010
364 0.0010
684 0.0010
530 0.0010
577 0.0010
556 0.0010
889 0.0010
757 0.0010
792 0.0010
793 0.0010
455 0.0010
607 0.0010
595 0.0010
810 0.0010
147 0.0010
807 0.0010
392 0.0010
818 0.0010
724 0.0010
746 0.0010
614 0.0010
406 0.0010
936 0.0010
929 0.0010
510 0.0010
255 0.0010
579 0.0010
387 0.0010
320 0.0010
6 0.0010
122 0.0010
830 0.0010
619 0.0010
875 0.0010
361 0.0010
769 0.0010
403 0.0010
9 0.0010
989 0.0010
357 0.0010
735 0.0010
882 0.0010
427 0.0010
692 0.0010
393 0.0010
456 0.0010
650 0.0010
30 0.0010
203 0.0010
859 0.0010
743 0.0010
844 0.0010
849 0.0010
411 0.0010
557 0.0010
641 0.0010
723 0.0010
180 0.0010
214 0.0010
426 0.0010
273 0.0010
483 0.0010
786 0.0010
77 0.0010
418 0.0010
300 0.0010
200 0.0010
984 0.0010
425 0.0010
695 0.0010
541 0.0010
519 0.0010
104 0.0010
657 0.0010
95 0.0010
729 0.0010
753 0.0010
965 0.0010
763 0.0010
167 0.0010
354 0.0010
465 0.0010
290 0.0010
113 0.0010
749 0.0010
339 0.0010
294 0.0010
236 0.0010
712 0.0010
883 0.0010
371 0.0010
145 0.0010
886 0.0010
158 0.0010
716 0.0010
285 0.0010
985 0.0010
486 0.0010
39 0.0010
839 0.0010
979 0.0010
621 0.0010
667 0.0010
16 0.0010
347 0.0010
172 0.0010
440 0.0010
474 0.0010
840 0.0010
136 0.0010
708 0.0010
428 0.0010
589 0.0010
797 0.0010
382 0.0010
648 0.0010
691 0.0010
547 0.0010
107 0.0010
48 0.0010
799 0.0010
146 0.0010
733 0.0010
414 0.0010
402 0.0010
1 0.0010
916 0.0010
270 0.0010
512 0.0010
367 0.0010
106 0.0010
795 0.0010
917 0.0010
221 0.0010
407 0.0010
248 0.0010
249 0.0010
821 0.0010
234 0.0010
602 0.0010
388 0.0010
408 0.0010
379 0.0010
658 0.0010
568 0.0010
544 0.0010
163 0.0010
419 0.0010
148 0.0010
415 0.0010
70 0.0010
18 0.0010
141 0.0010
98 0.0010
154 0.0010
616 0.0010
542 0.0010
885 0.0010
410 0.0010
472 0.0010
230 0.0010
227 0.0010
44 0.0010
972 0.0010
863 0.0010
899 0.0010
721 0.0010
813 0.0010
482 0.0010
853 0.0010
532 0.0010
741 0.0010
553 0.0010
701 0.0010
576 0.0010
100 0.0010
265 0.0010
536 0.0010
444 0.0010
522 0.0010
755 0.0010
91 0.0010
260 0.0010
47 0.0010
910 0.0010
622 0.0010
82 0.0010
871 0.0010
244 0.0009
611 0.0009
87 0.0009
671 0.0009
672 0.0009
982 0.0009
618 0.0009
480 0.0009
851 0.0009
54 0.0009
395 0.0009
711 0.0009
471 0.0009
17 0.0009
470 0.0009
289 0.0009
224 0.0009
342 0.0009
908 0.0009
192 0.0009
945 0.0009
373 0.0009
96 0.0009
452 0.0009
632 0.0009
661 0.0009
376 0.0009
385 0.0009
854 0.0009
346 0.0009
493 0.0009
24 0.0009
311 0.0009
977 0.0009
276 0.0009
398 0.0009
184 0.0009
893 0.0009
78 0.0009
947 0.0009
703 0.0009
932 0.0009
970 0.0009
503 0.0009
498 0.0009
111 0.0009
29 0.0009
991 0.0009
151 0.0009
93 0.0009
241 0.0009
705 0.0009
855 0.0009
968 0.0009
495 0.0009
601 0.0009
609 0.0009
89 0.0009
127 0.0009
822 0.0009
594 0.0009
384 0.0009
318 0.0009
299 0.0009
935 0.0009
950 0.0009
656 0.0009
996 0.0009
190 0.0009
768 0.0009
690 0.0009
330 0.0009
243 0.0009
247 0.0009
205 0.0009
829 0.0009
879 0.0009
877 0.0009
674 0.0009
201 0.0009
725 0.0009
750 0.0009
861 0.0009
497 0.0009
966 0.0009
784 0.0009
697 0.0009
490 0.0009
446 0.0009
254 0.0009
993 0.0009
313 0.0009
183 0.0009
156 0.0009
587 0.0009
160 0.0009
176 0.0009
288 0.0009
246 0.0009
523 0.0009
420 0.0009
930 0.0009
513 0.0009
396 0.0009
732 0.0009
349 0.0009
344 0.0009
292 0.0009
164 0.0009
210 0.0009
926 0.0009
838 0.0009
551 0.0009
267 0.0009
728 0.0009
115 0.0009
43 0.0009
565 0.0009
961 0.0009
756 0.0009
952 0.0009
11 0.0009
187 0.0009
843 0.0009
636 0.0009
430 0.0009
152 0.0009
923 0.0009
303 0.0009
401 0.0009
341 0.0009
194 0.0009
445 0.0009
3 0.0009
787 0.0009
507 0.0009
369 0.0009
13 0.0009
598 0.0009
413 0.0009
165 0.0009
352 0.0009
744 0.0009
343 0.0009
624 0.0009
825 0.0009
153 0.0009
239 0.0009
80 0.0009
964 0.0009
314 0.0009
617 0.0009
920 0.0009
645 0.0009
680 0.0009
459 0.0009
983 0.0009
896 0.0009
310 0.0009
693 0.0009
969 0.0009
638 0.0009
500 0.0009
208 0.0009
699 0.0009
718 0.0009
268 0.0009
298 0.0009
131 0.0009
468 0.0009
173 0.0009
870 0.0009
578 0.0009
128 0.0009
911 0.0009
366 0.0009
800 0.0009
21 0.0009
939 0.0009
86 0.0009
179 0.0009
2 0.0009
599 0.0009
644 0.0009
566 0.0009
687 0.0009
212 0.0009
845 0.0009
774 0.0009
56 0.0009
995 0.0009
74 0.0009
405 0.0009
698 0.0009
485 0.0008
738 0.0008
722 0.0008
435 0.0008
554 0.0008
488 0.0008
688 0.0008
627 0.0008
758 0.0008
537 0.0008
524 0.0008
309 0.0008
