643 0.0015
645 0.0015
274 0.0014
191 0.0014
923 0.0014
935 0.0014
963 0.0014
578 0.0014
828 0.0014
14 0.0014
984 0.0014
443 0.0014
303 0.0014
781 0.0013
148 0.0013
655 0.0013
667 0.0013
705 0.0013
800 0.0013
368 0.0013
96 0.0013
886 0.0013
408 0.0013
378 0.0013
57 0.0013
614 0.0013
827 0.0013
831 0.0013
240 0.0013
17 0.0013
621 0.0013
261 0.0013
287 0.0013
320 0.0013
850 0.0013
698 0.0013
402 0.0012
652 0.0012
185 0.0012
454 0.0012
550 0.0012
499 0.0012
175 0.0012
922 0.0012
906 0.0012
838 0.0012
249 0.0012
146 0.0012
120 0.0012
22 0.0012
868 0.0012
514 0.0012
273 0.0012
568 0.0012
330 0.0012
75 0.0012
955 0.0012
554 0.0012
534 0.0012
848 0.0012
55 0.0012
109 0.0012
289 0.0012
536 0.0012
441 0.0012
35 0.0012
493 0.0012
651 0.0012
755 0.0012
416 0.0012
570 0.0012
504 0.0012
811 0.0012
350 0.0012
585 0.0012
870 0.0012
27 0.0012
507 0.0012
125 0.0012
132 0.0012
541 0.0011
472 0.0011
210 0.0011
750 0.0011
489 0.0011
139 0.0011
861 0.0011
754 0.0011
386 0.0011
445 0.0011
222 0.0011
137 0.0011
82 0.0011
184 0.0011
420 0.0011
987 0.0011
272 0.0011
448 0.0011
690 0.0011
114 0.0011
660 0.0011
223 0.0011
846 0.0011
189 0.0011
297 0.0011
728 0.0011
634 0.0011
946 0.0011
340 0.0011
700 0.0011
629 0.0011
252 0.0011
267 0.0011
393 0.0011
974 0.0011
599 0.0011
717 0.0011
704 0.0011
820 0.0011
176 0.0011
702 0.0011
375 0.0011
640 0.0011
697 0.0011
833 0.0011
806 0.0011
862 0.0011
916 0.0011
707 0.0011
288 0.0011
84 0.0011
495 0.0011
50 0.0011
582 0.0011
160 0.0011
296 0.0011
675 0.0011
444 0.0011
613 0.0011
23 0.0011
474 0.0011
887 0.0011
826 0.0011
257 0.0011
824 0.0011
642 0.0011
95 0.0011
572 0.0011
377 0.0011
617 0.0011
300 0.0011
988 0.0011
540 0.0011
385 0.0011
108 0.0011
777 0.0011
650 0.0011
211 0.0011
921 0.0011
758 0.0011
851 0.0011
154 0.0011
509 0.0011
856 0.0011
665 0.0011
953 0.0011
294 0.0011
931 0.0011
309 0.0011
773 0.0011
659 0.0011
170 0.0011
366 0.0011
527 0.0011
895 0.0011
756 0.0011
529 0.0011
968 0.0011
519 0.0011
605 0.0011
783 0.0011
674 0.0011
271 0.0011
40 0.0011
284 0.0010
940 0.0010
392 0.0010
404 0.0010
103 0.0010
16 0.0010
867 0.0010
938 0.0010
19 0.0010
171 0.0010
595 0.0010
716 0.0010
346 0.0010
353 0.0010
369 0.0010
47 0.0010
65 0.0010
685 0.0010
933 0.0010
153 0.0010
198 0.0010
834 0.0010
106 0.0010
539 0.0010
616 0.0010
496 0.0010
564 0.0010
503 0.0010
779 0.0010
965 0.0010
759 0.0010
390 0.0010
662 0.0010
61 0.0010
793 0.0010
335 0.0010
388 0.0010
579 0.0010
749 0.0010
893 0.0010
885 0.0010
506 0.0010
391 0.0010
279 0.0010
872 0.0010
845 0.0010
710 0.0010
822 0.0010
699 0.0010
337 0.0010
799 0.0010
442 0.0010
141 0.0010
112 0.0010
485 0.0010
18 0.0010
944 0.0010
537 0.0010
751 0.0010
74 0.0010
563 0.0010
86 0.0010
609 0.0010
67 0.0010
365 0.0010
266 0.0010
835 0.0010
164 0.0010
610 0.0010
637 0.0010
428 0.0010
203 0.0010
647 0.0010
351 0.0010
32 0.0010
735 0.0010
214 0.0010
260 0.0010
865 0.0010
424 0.0010
31 0.0010
145 0.0010
119 0.0010
653 0.0010
888 0.0010
90 0.0010
342 0.0010
803 0.0010
879 0.0010
979 0.0010
877 0.0010
993 0.0010
118 0.0010
765 0.0010
242 0.0010
85 0.0010
46 0.0010
228 0.0010
573 0.0010
588 0.0010
471 0.0010
427 0.0010
192 0.0010
961 0.0010
238 0.0010
608 0.0010
725 0.0010
606 0.0010
874 0.0010
490 0.0010
308 0.0010
657 0.0010
218 0.0010
911 0.0010
973 0.0010
68 0.0010
136 0.0010
43 0.0010
237 0.0010
98 0.0010
432 0.0010
875 0.0010
410 0.0010
892 0.0010
491 0.0010
44 0.0010
744 0.0010
435 0.0010
310 0.0010
220 0.0010
558 0.0010
903 0.0010
163 0.0010
398 0.0010
601 0.0010
918 0.0010
784 0.0010
696 0.0010
823 0.0010
124 0.0010
730 0.0010
881 0.0010
668 0.0010
254 0.0010
477 0.0010
930 0.0010
512 0.0010
165 0.0010
202 0.0010
216 0.0010
569 0.0010
772 0.0010
809 0.0010
747 0.0010
394 0.0010
786 0.0010
183 0.0010
576 0.0010
956 0.0010
305 0.0010
194 0.0010
996 0.0010
299 0.0010
587 0.0010
528 0.0010
644 0.0010
909 0.0010
36 0.0010
736 0.0010
128 0.0010
577 0.0010
986 0.0010
924 0.0010
9 0.0010
156 0.0010
123 0.0010
748 0.0010
681 0.0010
589 0.0010
898 0.0010
151 0.0010
677 0.0009
513 0.0009
11 0.0009
77 0.0009
883 0.0009
484 0.0009
5 0.0009
174 0.0009
648 0.0009
878 0.0009
782 0.0009
102 0.0009
104 0.0009
384 0.0009
764 0.0009
196 0.0009
205 0.0009
69 0.0009
415 0.0009
314 0.0009
524 0.0009
380 0.0009
487 0.0009
53 0.0009
739 0.0009
275 0.0009
858 0.0009
839 0.0009
596 0.0009
978 0.0009
78 0.0009
265 0.0009
661 0.0009
684 0.0009
152 0.0009
785 0.0009
494 0.0009
731 0.0009
804 0.0009
542 0.0009
468 0.0009
186 0.0009
162 0.0009
746 0.0009
456 0.0009
301 0.0009
547 0.0009
355 0.0009
639 0.0009
552 0.0009
127 0.0009
15 0.0009
290 0.0009
476 0.0009
199 0.0009
20 0.0009
673 0.0009
262 0.0009
450 0.0009
517 0.0009
8 0.0009
825 0.0009
808 0.0009
505 0.0009
26 0.0009
945 0.0009
418 0.0009
915 0.0009
847 0.0009
447 0.0009
280 0.0009
234 0.0009
315 0.0009
532 0.0009
143 0.0009
584 0.0009
943 0.0009
561 0.0009
225 0.0009
206 0.0009
611 0.0009
672 0.0009
13 0.0009
679 0.0009
816 0.0009
464 0.0009
763 0.0009
409 0.0009
488 0.0009
531 0.0009
417 0.0009
357 0.0009
42 0.0009
10 0.0009
423 0.0009
213 0.0009
497 0.0009
727 0.0009
894 0.0009
91 0.0009
767 0.0009
452 0.0009
819 0.0009
325 0.0009
341 0.0009
446 0.0009
327 0.0009
62 0.0009
436 0.0009
992 0.0009
230 0.0009
224 0.0009
99 0.0009
511 0.0009
791 0.0009
4 0.0009
720 0.0009
397 0.0009
849 0.0009
293 0.0009
414 0.0009
253 0.0009
876 0.0009
703 0.0009
508 0.0009
364 0.0009
607 0.0009
962 0.0009
322 0.0009
566 0.0009
338 0.0009
401 0.0009
372 0.0009
3 0.0009
63 0.0009
905 0.0009
757 0.0009
422 0.0009
407 0.0009
520 0.0009
173 0.0009
172 0.0009
209 0.0009
215 0.0009
226 0.0009
232 0.0009
666 0.0009
602 0.0009
256 0.0009
157 0.0009
837 0.0009
328 0.0009
625 0.0009
449 0.0009
193 0.0009
927 0.0009
982 0.0009
713 0.0009
197 0.0009
41 0.0009
349 0.0009
34 0.0009
729 0.0009
985 0.0009
248 0.0009
857 0.0009
949 0.0009
28 0.0009
989 0.0009
250 0.0009
556 0.0009
630 0.0009
551 0.0009
359 0.0009
466 0.0009
304 0.0009
615 0.0009
902 0.0009
912 0.0009
307 0.0009
723 0.0009
319 0.0009
869 0.0009
975 0.0009
479 0.0009
71 0.0009
12 0.0009
586 0.0009
802 0.0009
181 0.0009
382 0.0009
814 0.0009
190 0.0009
312 0.0009
329 0.0009
741 0.0009
794 0.0009
771 0.0009
233 0.0009
395 0.0009
959 0.0009
618 0.0009
790 0.0009
239 0.0009
904 0.0009
221 0.0009
664 0.0009
501 0.0009
461 0.0009
29 0.0009
318 0.0009
470 0.0009
932 0.0009
201 0.0009
121 0.0009
399 0.0009
859 0.0009
122 0.0009
130 0.0009
332 0.0009
701 0.0009
525 0.0009
622 0.0009
231 0.0009
526 0.0009
247 0.0009
998 0.0009
311 0.0009
430 0.0009
711 0.0009
752 0.0009
413 0.0009
880 0.0009
371 0.0009
161 0.0009
557 0.0009
345 0.0009
726 0.0009
928 0.0008
323 0.0008
742 0.0008
168 0.0008
929 0.0008
590 0.0008
379 0.0008
631 0.0008
227 0.0008
281 0.0008
970 0.0008
412 0.0008
738 0.0008
492 0.0008
832 0.0008
797 0.0008
669 0.0008
997 0.0008
753 0.0008
950 0.0008
188 0.0008
270 0.0008
182 0.0008
900 0.0008
977 0.0008
852 0.0008
937 0.0008
126 0.0008
24 0.0008
899 0.0008
169 0.0008
195 0.0008
60 0.0008
670 0.0008
80 0.0008
641 0.0008
807 0.0008
135 0.0008
400 0.0008
925 0.0008
658 0.0008
619 0.0008
691 0.0008
917 0.0008
995 0.0008
434 0.0008
333 0.0008
778 0.0008
244 0.0008
663 0.0008
603 0.0008
638 0.0008
646 0.0008
362 0.0008
292 0.0008
159 0.0008
92 0.0008
957 0.0008
167 0.0008
836 0.0008
243 0.0008
555 0.0008
411 0.0008
66 0.0008
967 0.0008
326 0.0008
538 0.0008
419 0.0008
321 0.0008
654 0.0008
818 0.0008
796 0.0008
884 0.0008
544 0.0008
743 0.0008
83 0.0008
51 0.0008
39 0.0008
25 0.0008
535 0.0008
352 0.0008
403 0.0008
440 0.0008
889 0.0008
438 0.0008
866 0.0008
437 0.0008
682 0.0008
908 0.0008
678 0.0008
546 0.0008
306 0.0008
361 0.0008
129 0.0008
100 0.0008
708 0.0008
76 0.0008
425 0.0008
356 0.0008
179 0.0008
656 0.0008
387 0.0008
770 0.0008
246 0.0008
347 0.0008
459 0.0008
219 0.0008
115 0.0008
324 0.0008
49 0.0008
805 0.0008
737 0.0008
245 0.0008
515 0.0008
285 0.0008
533 0.0008
263 0.0008
548 0.0008
500 0.0008
516 0.0008
0 0.0008
45 0.0008
591 0.0008
431 0.0008
405 0.0008
971 0.0008
860 0.0008
339 0.0008
649 0.0008
624 0.0008
101 0.0008
2 0.0008
81 0.0008
636 0.0008
632 0.0008
241 0.0008
105 0.0008
268 0.0008
671 0.0008
208 0.0008
530 0.0008
518 0.0008
463 0.0008
406 0.0008
88 0.0008
787 0.0008
972 0.0008
64 0.0008
258 0.0008
433 0.0008
180 0.0008
712 0.0008
812 0.0008
54 0.0008
843 0.0008
58 0.0008
719 0.0008
734 0.0008
864 0.0008
801 0.0008
907 0.0008
575 0.0008
21 0.0008
426 0.0008
316 0.0008
473 0.0008
565 0.0008
331 0.0008
389 0.0008
6 0.0008
522 0.0008
291 0.0008
999 0.0008
882 0.0008
626 0.0008
994 0.0008
580 0.0008
920 0.0008
740 0.0008
683 0.0008
694 0.0008
259 0.0008
48 0.0008
958 0.0008
482 0.0008
706 0.0008
56 0.0008
467 0.0008
134 0.0008
107 0.0008
277 0.0008
934 0.0008
714 0.0008
370 0.0008
890 0.0008
722 0.0008
462 0.0008
363 0.0008
455 0.0008
480 0.0008
374 0.0008
774 0.0008
97 0.0008
545 0.0008
70 0.0008
600 0.0008
991 0.0008
142 0.0008
451 0.0008
38 0.0008
94 0.0008
150 0.0007
278 0.0007
131 0.0007
255 0.0007
264 0.0007
229 0.0007
207 0.0007
348 0.0007
421 0.0007
680 0.0007
623 0.0007
709 0.0007
37 0.0007
830 0.0007
144 0.0007
840 0.0007
521 0.0007
571 0.0007
376 0.0007
983 0.0007
969 0.0007
178 0.0007
873 0.0007
72 0.0007
559 0.0007
604 0.0007
695 0.0007
543 0.0007
776 0.0007
871 0.0007
110 0.0007
429 0.0007
475 0.0007
633 0.0007
990 0.0007
396 0.0007
217 0.0007
116 0.0007
89 0.0007
960 0.0007
79 0.0007
692 0.0007
597 0.0007
336 0.0007
147 0.0007
478 0.0007
952 0.0007
910 0.0007
896 0.0007
87 0.0007
951 0.0007
789 0.0007
941 0.0007
676 0.0007
483 0.0007
854 0.0007
853 0.0007
276 0.0007
733 0.0007
964 0.0007
283 0.0007
594 0.0007
592 0.0007
718 0.0007
761 0.0007
334 0.0007
775 0.0007
358 0.0007
768 0.0007
766 0.0007
560 0.0007
841 0.0007
769 0.0007
469 0.0007
817 0.0007
813 0.0007
343 0.0007
732 0.0007
914 0.0007
344 0.0007
553 0.0007
269 0.0007
980 0.0007
966 0.0007
760 0.0007
855 0.0007
829 0.0007
693 0.0007
686 0.0007
166 0.0007
33 0.0007
942 0.0007
620 0.0007
574 0.0007
200 0.0007
354 0.0007
7 0.0007
844 0.0007
117 0.0007
498 0.0007
724 0.0007
583 0.0007
981 0.0007
687 0.0007
235 0.0007
30 0.0007
73 0.0007
295 0.0007
187 0.0007
486 0.0007
302 0.0007
381 0.0007
236 0.0007
373 0.0007
762 0.0007
204 0.0007
688 0.0007
627 0.0007
795 0.0007
948 0.0007
798 0.0006
481 0.0006
383 0.0006
612 0.0006
460 0.0006
111 0.0006
788 0.0006
936 0.0006
954 0.0006
133 0.0006
282 0.0006
1 0.0006
897 0.0006
919 0.0006
721 0.0006
715 0.0006
842 0.0006
947 0.0006
567 0.0006
93 0.0006
901 0.0006
453 0.0006
976 0.0006
367 0.0006
821 0.0006
628 0.0006
810 0.0006
635 0.0006
780 0.0006
138 0.0006
298 0.0006
689 0.0006
286 0.0006
815 0.0006
457 0.0006
581 0.0006
140 0.0006
149 0.0006
251 0.0006
360 0.0006
523 0.0006
510 0.0006
598 0.0006
465 0.0006
59 0.0006
926 0.0006
792 0.0006
502 0.0006
177 0.0006
317 0.0006
155 0.0006
913 0.0006
52 0.0006
745 0.0006
113 0.0006
891 0.0006
593 0.0005
458 0.0005
212 0.0005
939 0.0005
313 0.0005
439 0.0005
562 0.0005
863 0.0005
158 0.0005
549 0.0005
