191 0.5342
274 0.5342
643 0.5339
645 0.5339
923 0.5339
578 0.5331
963 0.5331
14 0.5328
935 0.5328
984 0.5328
303 0.5325
443 0.5325
655 0.5325
667 0.5325
781 0.5325
800 0.5325
828 0.5325
368 0.5322
408 0.5322
17 0.5319
57 0.5319
96 0.5319
148 0.5319
240 0.5319
705 0.5319
827 0.5319
886 0.5319
287 0.5317
378 0.5317
621 0.5317
831 0.5317
146 0.5314
185 0.5314
261 0.5314
320 0.5314
454 0.5314
550 0.5314
614 0.5314
850 0.5314
55 0.5311
249 0.5311
402 0.5311
534 0.5311
652 0.5311
698 0.5311
838 0.5311
906 0.5311
175 0.5308
273 0.5308
441 0.5308
499 0.5308
514 0.5308
868 0.5308
22 0.5305
35 0.5305
75 0.5305
109 0.5305
120 0.5305
330 0.5305
554 0.5305
570 0.5305
651 0.5305
848 0.5305
922 0.5305
955 0.5305
27 0.5303
289 0.5303
340 0.5303
350 0.5303
489 0.5303
493 0.5303
504 0.5303
507 0.5303
536 0.5303
568 0.5303
728 0.5303
811 0.5303
132 0.5300
210 0.5300
222 0.5300
386 0.5300
472 0.5300
541 0.5300
755 0.5300
861 0.5300
870 0.5300
82 0.5297
114 0.5297
125 0.5297
137 0.5297
139 0.5297
184 0.5297
189 0.5297
223 0.5297
288 0.5297
416 0.5297
420 0.5297
448 0.5297
585 0.5297
690 0.5297
697 0.5297
700 0.5297
750 0.5297
754 0.5297
820 0.5297
824 0.5297
887 0.5297
946 0.5297
987 0.5297
84 0.5294
108 0.5294
252 0.5294
267 0.5294
272 0.5294
297 0.5294
375 0.5294
445 0.5294
509 0.5294
613 0.5294
617 0.5294
629 0.5294
640 0.5294
675 0.5294
704 0.5294
846 0.5294
862 0.5294
916 0.5294
50 0.5291
95 0.5291
176 0.5291
211 0.5291
257 0.5291
296 0.5291
300 0.5291
366 0.5291
377 0.5291
385 0.5291
393 0.5291
474 0.5291
495 0.5291
540 0.5291
582 0.5291
599 0.5291
634 0.5291
642 0.5291
650 0.5291
660 0.5291
702 0.5291
707 0.5291
717 0.5291
758 0.5291
826 0.5291
921 0.5291
974 0.5291
988 0.5291
23 0.5289
65 0.5289
103 0.5289
154 0.5289
160 0.5289
271 0.5289
294 0.5289
346 0.5289
392 0.5289
444 0.5289
519 0.5289
527 0.5289
529 0.5289
716 0.5289
773 0.5289
777 0.5289
806 0.5289
833 0.5289
851 0.5289
931 0.5289
968 0.5289
18 0.5286
40 0.5286
61 0.5286
284 0.5286
309 0.5286
335 0.5286
353 0.5286
391 0.5286
572 0.5286
595 0.5286
605 0.5286
609 0.5286
653 0.5286
659 0.5286
665 0.5286
674 0.5286
685 0.5286
710 0.5286
756 0.5286
779 0.5286
783 0.5286
845 0.5286
856 0.5286
867 0.5286
885 0.5286
893 0.5286
895 0.5286
953 0.5286
19 0.5283
47 0.5283
74 0.5283
106 0.5283
153 0.5283
170 0.5283
171 0.5283
198 0.5283
279 0.5283
337 0.5283
388 0.5283
404 0.5283
424 0.5283
428 0.5283
503 0.5283
537 0.5283
563 0.5283
579 0.5283
637 0.5283
647 0.5283
699 0.5283
749 0.5283
759 0.5283
793 0.5283
822 0.5283
834 0.5283
865 0.5283
877 0.5283
888 0.5283
933 0.5283
940 0.5283
944 0.5283
965 0.5283
16 0.5280
43 0.5280
67 0.5280
85 0.5280
86 0.5280
90 0.5280
136 0.5280
141 0.5280
145 0.5280
164 0.5280
203 0.5280
214 0.5280
238 0.5280
266 0.5280
342 0.5280
369 0.5280
390 0.5280
442 0.5280
485 0.5280
496 0.5280
539 0.5280
564 0.5280
601 0.5280
606 0.5280
616 0.5280
662 0.5280
765 0.5280
799 0.5280
872 0.5280
875 0.5280
879 0.5280
911 0.5280
938 0.5280
961 0.5280
973 0.5280
979 0.5280
986 0.5280
31 0.5277
46 0.5277
98 0.5277
112 0.5277
118 0.5277
119 0.5277
183 0.5277
192 0.5277
216 0.5277
220 0.5277
228 0.5277
237 0.5277
242 0.5277
365 0.5277
432 0.5277
471 0.5277
506 0.5277
524 0.5277
558 0.5277
608 0.5277
610 0.5277
657 0.5277
668 0.5277
735 0.5277
751 0.5277
786 0.5277
803 0.5277
809 0.5277
835 0.5277
903 0.5277
918 0.5277
996 0.5277
11 0.5275
32 0.5275
36 0.5275
77 0.5275
123 0.5275
163 0.5275
194 0.5275
202 0.5275
218 0.5275
254 0.5275
260 0.5275
310 0.5275
351 0.5275
384 0.5275
410 0.5275
415 0.5275
427 0.5275
435 0.5275
477 0.5275
490 0.5275
569 0.5275
573 0.5275
588 0.5275
596 0.5275
681 0.5275
696 0.5275
725 0.5275
731 0.5275
736 0.5275
747 0.5275
772 0.5275
823 0.5275
874 0.5275
892 0.5275
930 0.5275
956 0.5275
5 0.5272
8 0.5272
9 0.5272
44 0.5272
68 0.5272
104 0.5272
124 0.5272
127 0.5272
128 0.5272
143 0.5272
151 0.5272
156 0.5272
165 0.5272
199 0.5272
265 0.5272
305 0.5272
308 0.5272
314 0.5272
355 0.5272
380 0.5272
423 0.5272
484 0.5272
491 0.5272
494 0.5272
512 0.5272
517 0.5272
542 0.5272
577 0.5272
589 0.5272
739 0.5272
744 0.5272
763 0.5272
764 0.5272
804 0.5272
881 0.5272
883 0.5272
924 0.5272
993 0.5272
10 0.5269
20 0.5269
26 0.5269
53 0.5269
78 0.5269
102 0.5269
152 0.5269
174 0.5269
205 0.5269
206 0.5269
225 0.5269
275 0.5269
394 0.5269
398 0.5269
401 0.5269
409 0.5269
417 0.5269
418 0.5269
446 0.5269
450 0.5269
464 0.5269
468 0.5269
487 0.5269
497 0.5269
513 0.5269
528 0.5269
532 0.5269
552 0.5269
576 0.5269
584 0.5269
644 0.5269
661 0.5269
684 0.5269
746 0.5269
748 0.5269
767 0.5269
782 0.5269
784 0.5269
785 0.5269
839 0.5269
847 0.5269
878 0.5269
945 0.5269
949 0.5269
4 0.5266
62 0.5266
69 0.5266
162 0.5266
186 0.5266
196 0.5266
213 0.5266
224 0.5266
230 0.5266
262 0.5266
290 0.5266
299 0.5266
301 0.5266
322 0.5266
338 0.5266
456 0.5266
476 0.5266
511 0.5266
531 0.5266
561 0.5266
587 0.5266
639 0.5266
648 0.5266
673 0.5266
677 0.5266
679 0.5266
720 0.5266
730 0.5266
808 0.5266
819 0.5266
825 0.5266
837 0.5266
858 0.5266
894 0.5266
898 0.5266
905 0.5266
909 0.5266
915 0.5266
943 0.5266
978 0.5266
992 0.5266
13 0.5263
42 0.5263
91 0.5263
99 0.5263
157 0.5263
182 0.5263
193 0.5263
201 0.5263
234 0.5263
280 0.5263
293 0.5263
315 0.5263
319 0.5263
325 0.5263
349 0.5263
357 0.5263
359 0.5263
364 0.5263
414 0.5263
436 0.5263
447 0.5263
479 0.5263
488 0.5263
505 0.5263
547 0.5263
566 0.5263
611 0.5263
615 0.5263
666 0.5263
672 0.5263
741 0.5263
791 0.5263
816 0.5263
857 0.5263
902 0.5263
982 0.5263
985 0.5263
989 0.5263
3 0.5261
15 0.5261
28 0.5261
121 0.5261
122 0.5261
161 0.5261
169 0.5261
172 0.5261
173 0.5261
215 0.5261
231 0.5261
250 0.5261
253 0.5261
307 0.5261
312 0.5261
318 0.5261
327 0.5261
328 0.5261
332 0.5261
341 0.5261
372 0.5261
382 0.5261
397 0.5261
407 0.5261
422 0.5261
430 0.5261
449 0.5261
452 0.5261
466 0.5261
556 0.5261
602 0.5261
607 0.5261
618 0.5261
622 0.5261
625 0.5261
630 0.5261
703 0.5261
713 0.5261
723 0.5261
727 0.5261
752 0.5261
757 0.5261
794 0.5261
802 0.5261
849 0.5261
859 0.5261
869 0.5261
904 0.5261
927 0.5261
928 0.5261
959 0.5261
962 0.5261
975 0.5261
997 0.5261
34 0.5258
63 0.5258
66 0.5258
71 0.5258
130 0.5258
181 0.5258
190 0.5258
197 0.5258
209 0.5258
226 0.5258
227 0.5258
232 0.5258
239 0.5258
247 0.5258
248 0.5258
256 0.5258
304 0.5258
329 0.5258
333 0.5258
379 0.5258
395 0.5258
399 0.5258
470 0.5258
508 0.5258
520 0.5258
526 0.5258
551 0.5258
557 0.5258
631 0.5258
646 0.5258
664 0.5258
711 0.5258
726 0.5258
729 0.5258
738 0.5258
771 0.5258
790 0.5258
814 0.5258
900 0.5258
912 0.5258
929 0.5258
932 0.5258
950 0.5258
998 0.5258
12 0.5255
41 0.5255
80 0.5255
101 0.5255
126 0.5255
135 0.5255
167 0.5255
168 0.5255
188 0.5255
221 0.5255
233 0.5255
243 0.5255
292 0.5255
306 0.5255
311 0.5255
345 0.5255
362 0.5255
411 0.5255
412 0.5255
413 0.5255
419 0.5255
434 0.5255
438 0.5255
440 0.5255
461 0.5255
492 0.5255
525 0.5255
538 0.5255
619 0.5255
638 0.5255
641 0.5255
669 0.5255
701 0.5255
737 0.5255
742 0.5255
753 0.5255
796 0.5255
797 0.5255
832 0.5255
876 0.5255
899 0.5255
937 0.5255
977 0.5255
995 0.5255
24 0.5252
29 0.5252
39 0.5252
76 0.5252
83 0.5252
159 0.5252
179 0.5252
195 0.5252
241 0.5252
244 0.5252
246 0.5252
270 0.5252
281 0.5252
323 0.5252
326 0.5252
352 0.5252
371 0.5252
387 0.5252
400 0.5252
501 0.5252
544 0.5252
590 0.5252
603 0.5252
654 0.5252
663 0.5252
678 0.5252
778 0.5252
807 0.5252
818 0.5252
852 0.5252
866 0.5252
880 0.5252
884 0.5252
908 0.5252
917 0.5252
957 0.5252
967 0.5252
25 0.5250
49 0.5250
51 0.5250
60 0.5250
81 0.5250
88 0.5250
92 0.5250
180 0.5250
208 0.5250
245 0.5250
321 0.5250
324 0.5250
356 0.5250
361 0.5250
403 0.5250
405 0.5250
425 0.5250
459 0.5250
518 0.5250
530 0.5250
533 0.5250
546 0.5250
548 0.5250
555 0.5250
575 0.5250
586 0.5250
624 0.5250
636 0.5250
658 0.5250
670 0.5250
682 0.5250
691 0.5250
712 0.5250
743 0.5250
770 0.5250
805 0.5250
812 0.5250
925 0.5250
970 0.5250
971 0.5250
0 0.5247
6 0.5247
21 0.5247
54 0.5247
58 0.5247
100 0.5247
107 0.5247
219 0.5247
263 0.5247
285 0.5247
339 0.5247
347 0.5247
431 0.5247
433 0.5247
437 0.5247
500 0.5247
515 0.5247
516 0.5247
535 0.5247
591 0.5247
656 0.5247
671 0.5247
708 0.5247
734 0.5247
787 0.5247
801 0.5247
860 0.5247
889 0.5247
994 0.5247
2 0.5244
45 0.5244
64 0.5244
94 0.5244
105 0.5244
115 0.5244
129 0.5244
131 0.5244
258 0.5244
259 0.5244
268 0.5244
291 0.5244
331 0.5244
363 0.5244
389 0.5244
406 0.5244
426 0.5244
455 0.5244
463 0.5244
467 0.5244
473 0.5244
480 0.5244
482 0.5244
522 0.5244
565 0.5244
580 0.5244
626 0.5244
632 0.5244
649 0.5244
683 0.5244
694 0.5244
706 0.5244
714 0.5244
719 0.5244
836 0.5244
882 0.5244
907 0.5244
934 0.5244
958 0.5244
972 0.5244
999 0.5244
56 0.5241
72 0.5241
116 0.5241
134 0.5241
142 0.5241
178 0.5241
207 0.5241
264 0.5241
278 0.5241
316 0.5241
336 0.5241
348 0.5241
370 0.5241
376 0.5241
429 0.5241
475 0.5241
521 0.5241
559 0.5241
571 0.5241
600 0.5241
633 0.5241
695 0.5241
740 0.5241
776 0.5241
843 0.5241
864 0.5241
890 0.5241
920 0.5241
951 0.5241
952 0.5241
990 0.5241
991 0.5241
38 0.5239
48 0.5239
70 0.5239
79 0.5239
97 0.5239
110 0.5239
144 0.5239
217 0.5239
229 0.5239
255 0.5239
277 0.5239
283 0.5239
358 0.5239
374 0.5239
396 0.5239
421 0.5239
451 0.5239
462 0.5239
543 0.5239
597 0.5239
604 0.5239
623 0.5239
692 0.5239
709 0.5239
722 0.5239
768 0.5239
774 0.5239
830 0.5239
840 0.5239
871 0.5239
873 0.5239
910 0.5239
37 0.5236
87 0.5236
147 0.5236
150 0.5236
334 0.5236
469 0.5236
478 0.5236
545 0.5236
680 0.5236
769 0.5236
775 0.5236
813 0.5236
841 0.5236
853 0.5236
854 0.5236
896 0.5236
960 0.5236
969 0.5236
89 0.5233
269 0.5233
276 0.5233
343 0.5233
483 0.5233
553 0.5233
560 0.5233
594 0.5233
676 0.5233
718 0.5233
733 0.5233
761 0.5233
766 0.5233
789 0.5233
817 0.5233
941 0.5233
980 0.5233
983 0.5233
30 0.5230
33 0.5230
73 0.5230
117 0.5230
166 0.5230
200 0.5230
354 0.5230
498 0.5230
592 0.5230
686 0.5230
688 0.5230
693 0.5230
732 0.5230
760 0.5230
762 0.5230
855 0.5230
914 0.5230
948 0.5230
964 0.5230
966 0.5230
981 0.5230
7 0.5228
133 0.5228
187 0.5228
295 0.5228
344 0.5228
373 0.5228
574 0.5228
829 0.5228
844 0.5228
111 0.5225
204 0.5225
302 0.5225
383 0.5225
453 0.5225
486 0.5225
583 0.5225
620 0.5225
687 0.5225
724 0.5225
788 0.5225
795 0.5225
942 0.5225
235 0.5222
236 0.5222
298 0.5222
381 0.5222
481 0.5222
612 0.5222
798 0.5222
821 0.5222
919 0.5222
936 0.5222
954 0.5222
1 0.5219
138 0.5219
282 0.5219
286 0.5219
367 0.5219
457 0.5219
627 0.5219
715 0.5219
721 0.5219
842 0.5219
897 0.5219
947 0.5219
93 0.5217
140 0.5217
360 0.5217
460 0.5217
523 0.5217
567 0.5217
635 0.5217
689 0.5217
780 0.5217
810 0.5217
815 0.5217
901 0.5217
149 0.5214
251 0.5214
465 0.5214
510 0.5214
581 0.5214
628 0.5214
792 0.5214
976 0.5214
59 0.5211
177 0.5211
317 0.5211
598 0.5211
113 0.5209
502 0.5209
745 0.5209
52 0.5206
155 0.5206
926 0.5206
212 0.5203
458 0.5203
891 0.5203
913 0.5203
939 0.5203
313 0.5200
593 0.5200
439 0.5198
863 0.5198
158 0.5195
562 0.5192
549 0.5190
