643 0.0013
645 0.0013
191 0.0013
274 0.0013
923 0.0013
578 0.0013
935 0.0012
963 0.0012
828 0.0012
14 0.0012
984 0.0012
443 0.0012
781 0.0012
303 0.0012
148 0.0012
655 0.0012
800 0.0012
368 0.0012
667 0.0012
96 0.0012
705 0.0012
886 0.0012
408 0.0012
614 0.0012
378 0.0012
240 0.0012
57 0.0012
827 0.0012
17 0.0012
850 0.0012
831 0.0012
621 0.0012
287 0.0012
320 0.0012
261 0.0012
698 0.0012
550 0.0012
454 0.0012
652 0.0012
402 0.0012
185 0.0012
499 0.0012
906 0.0012
175 0.0012
249 0.0012
838 0.0012
146 0.0012
868 0.0012
922 0.0012
273 0.0012
120 0.0012
75 0.0012
514 0.0012
330 0.0012
109 0.0012
55 0.0012
22 0.0012
534 0.0012
554 0.0012
568 0.0012
441 0.0012
955 0.0012
848 0.0012
289 0.0011
35 0.0011
651 0.0011
536 0.0011
350 0.0011
493 0.0011
755 0.0011
416 0.0011
570 0.0011
870 0.0011
504 0.0011
507 0.0011
472 0.0011
210 0.0011
27 0.0011
811 0.0011
489 0.0011
386 0.0011
541 0.0011
750 0.0011
222 0.0011
132 0.0011
125 0.0011
139 0.0011
445 0.0011
585 0.0011
728 0.0011
754 0.0011
420 0.0011
987 0.0011
861 0.0011
82 0.0011
223 0.0011
137 0.0011
184 0.0011
340 0.0011
114 0.0011
690 0.0011
946 0.0011
297 0.0011
272 0.0011
700 0.0011
189 0.0011
448 0.0011
846 0.0011
704 0.0011
252 0.0011
634 0.0011
629 0.0011
660 0.0011
820 0.0011
267 0.0011
862 0.0011
697 0.0011
974 0.0011
375 0.0011
495 0.0011
288 0.0011
599 0.0011
717 0.0011
824 0.0011
916 0.0011
393 0.0011
887 0.0011
640 0.0011
160 0.0011
176 0.0011
702 0.0011
675 0.0011
50 0.0011
474 0.0011
300 0.0011
257 0.0011
833 0.0011
84 0.0011
613 0.0011
642 0.0011
296 0.0011
707 0.0011
95 0.0011
806 0.0011
826 0.0011
582 0.0011
444 0.0011
385 0.0011
572 0.0011
617 0.0011
988 0.0011
108 0.0011
23 0.0011
650 0.0011
540 0.0011
509 0.0011
777 0.0011
921 0.0011
377 0.0011
211 0.0011
856 0.0011
931 0.0011
154 0.0011
294 0.0011
527 0.0011
665 0.0011
758 0.0011
851 0.0011
309 0.0011
968 0.0011
366 0.0011
756 0.0011
953 0.0011
519 0.0011
605 0.0011
773 0.0011
895 0.0011
392 0.0011
170 0.0011
40 0.0011
529 0.0011
659 0.0011
271 0.0011
783 0.0011
867 0.0011
716 0.0011
674 0.0011
103 0.0011
346 0.0011
65 0.0011
404 0.0011
353 0.0011
284 0.0011
47 0.0011
171 0.0011
685 0.0011
595 0.0011
16 0.0011
940 0.0011
106 0.0011
153 0.0011
369 0.0011
834 0.0011
61 0.0011
933 0.0011
564 0.0011
938 0.0011
335 0.0011
779 0.0011
198 0.0011
893 0.0011
503 0.0011
662 0.0011
19 0.0011
391 0.0011
710 0.0011
539 0.0011
579 0.0011
699 0.0011
616 0.0011
799 0.0011
793 0.0011
337 0.0011
759 0.0011
965 0.0011
279 0.0011
885 0.0011
390 0.0011
872 0.0011
749 0.0011
442 0.0011
822 0.0011
506 0.0011
18 0.0011
496 0.0011
388 0.0011
845 0.0011
609 0.0011
563 0.0011
112 0.0011
485 0.0011
67 0.0011
944 0.0011
203 0.0011
751 0.0011
637 0.0011
141 0.0011
647 0.0011
537 0.0011
74 0.0011
365 0.0011
653 0.0011
835 0.0011
86 0.0011
164 0.0011
266 0.0011
877 0.0011
428 0.0011
865 0.0011
424 0.0011
342 0.0011
214 0.0011
119 0.0011
735 0.0011
961 0.0011
979 0.0011
90 0.0011
85 0.0011
351 0.0011
610 0.0011
657 0.0011
888 0.0011
32 0.0011
145 0.0011
242 0.0011
260 0.0011
608 0.0011
573 0.0011
993 0.0011
765 0.0011
228 0.0011
606 0.0011
879 0.0011
875 0.0011
238 0.0011
31 0.0011
973 0.0010
192 0.0010
136 0.0010
98 0.0010
432 0.0010
46 0.0010
490 0.0010
43 0.0010
218 0.0010
588 0.0010
803 0.0010
725 0.0010
308 0.0010
427 0.0010
220 0.0010
471 0.0010
118 0.0010
558 0.0010
601 0.0010
237 0.0010
310 0.0010
874 0.0010
435 0.0010
744 0.0010
491 0.0010
410 0.0010
911 0.0010
786 0.0010
68 0.0010
44 0.0010
903 0.0010
477 0.0010
398 0.0010
809 0.0010
918 0.0010
202 0.0010
668 0.0010
163 0.0010
165 0.0010
892 0.0010
823 0.0010
216 0.0010
930 0.0010
736 0.0010
956 0.0010
881 0.0010
986 0.0010
589 0.0010
996 0.0010
577 0.0010
254 0.0010
747 0.0010
772 0.0010
696 0.0010
124 0.0010
784 0.0010
394 0.0010
569 0.0010
123 0.0010
305 0.0010
512 0.0010
924 0.0010
36 0.0010
183 0.0010
484 0.0010
528 0.0010
128 0.0010
748 0.0010
513 0.0010
681 0.0010
730 0.0010
909 0.0010
102 0.0010
380 0.0010
299 0.0010
878 0.0010
151 0.0010
883 0.0010
156 0.0010
644 0.0010
858 0.0010
415 0.0010
194 0.0010
9 0.0010
587 0.0010
576 0.0010
898 0.0010
11 0.0010
104 0.0010
384 0.0010
524 0.0010
677 0.0010
275 0.0010
978 0.0010
782 0.0010
739 0.0010
174 0.0010
77 0.0010
764 0.0010
265 0.0010
152 0.0010
596 0.0010
314 0.0010
5 0.0010
205 0.0010
69 0.0010
648 0.0010
731 0.0010
196 0.0010
542 0.0010
785 0.0010
450 0.0010
746 0.0010
186 0.0010
825 0.0010
199 0.0010
127 0.0010
804 0.0010
78 0.0010
355 0.0010
53 0.0010
839 0.0010
456 0.0010
847 0.0010
552 0.0010
20 0.0010
661 0.0010
468 0.0010
684 0.0010
143 0.0010
673 0.0010
162 0.0010
301 0.0010
487 0.0010
945 0.0010
517 0.0010
532 0.0010
8 0.0010
418 0.0010
679 0.0010
26 0.0010
476 0.0010
611 0.0010
763 0.0010
547 0.0010
915 0.0010
262 0.0010
494 0.0010
561 0.0010
315 0.0010
505 0.0010
417 0.0010
290 0.0010
464 0.0010
584 0.0010
808 0.0010
423 0.0010
639 0.0010
234 0.0010
894 0.0010
531 0.0010
497 0.0010
15 0.0010
409 0.0010
62 0.0010
213 0.0010
280 0.0010
10 0.0010
767 0.0010
225 0.0010
357 0.0010
325 0.0010
206 0.0010
447 0.0010
446 0.0010
816 0.0010
943 0.0010
819 0.0010
672 0.0010
13 0.0010
91 0.0010
42 0.0010
488 0.0010
452 0.0010
727 0.0010
224 0.0010
4 0.0010
99 0.0010
436 0.0010
327 0.0010
341 0.0010
414 0.0010
992 0.0010
157 0.0010
230 0.0010
720 0.0010
791 0.0010
338 0.0010
849 0.0010
401 0.0010
3 0.0010
63 0.0010
511 0.0010
625 0.0010
293 0.0010
173 0.0010
364 0.0010
602 0.0010
172 0.0010
989 0.0010
397 0.0010
713 0.0010
322 0.0010
372 0.0010
226 0.0010
215 0.0010
962 0.0010
949 0.0010
607 0.0010
193 0.0010
615 0.0010
253 0.0010
905 0.0010
876 0.0010
359 0.0010
449 0.0010
566 0.0010
703 0.0010
757 0.0010
34 0.0010
328 0.0010
666 0.0010
982 0.0010
41 0.0010
349 0.0010
508 0.0010
407 0.0010
197 0.0010
248 0.0010
985 0.0010
422 0.0010
723 0.0010
209 0.0010
520 0.0010
28 0.0010
857 0.0010
837 0.0010
630 0.0010
250 0.0010
902 0.0010
319 0.0010
556 0.0010
256 0.0010
869 0.0010
479 0.0010
729 0.0010
927 0.0010
71 0.0010
794 0.0010
904 0.0010
382 0.0010
466 0.0010
551 0.0010
586 0.0010
912 0.0010
814 0.0010
307 0.0010
181 0.0010
741 0.0010
430 0.0010
557 0.0010
239 0.0010
959 0.0010
232 0.0010
470 0.0010
802 0.0010
395 0.0010
329 0.0010
975 0.0010
461 0.0010
12 0.0010
622 0.0010
304 0.0010
664 0.0010
221 0.0010
790 0.0010
201 0.0010
618 0.0010
771 0.0010
190 0.0010
332 0.0010
312 0.0010
752 0.0010
738 0.0010
161 0.0010
318 0.0010
501 0.0010
121 0.0010
122 0.0010
859 0.0010
29 0.0010
932 0.0010
701 0.0010
247 0.0010
631 0.0010
311 0.0010
227 0.0010
998 0.0010
399 0.0010
231 0.0010
928 0.0010
130 0.0010
711 0.0010
526 0.0010
233 0.0010
726 0.0010
742 0.0010
371 0.0010
413 0.0010
997 0.0010
929 0.0010
950 0.0010
525 0.0010
345 0.0010
492 0.0010
379 0.0010
970 0.0010
281 0.0010
323 0.0010
412 0.0010
641 0.0010
168 0.0010
797 0.0010
880 0.0010
669 0.0010
977 0.0010
900 0.0010
182 0.0010
169 0.0010
852 0.0010
590 0.0010
188 0.0010
807 0.0010
24 0.0010
753 0.0010
937 0.0010
832 0.0010
362 0.0010
66 0.0010
243 0.0010
270 0.0010
646 0.0010
434 0.0010
333 0.0010
995 0.0010
292 0.0010
135 0.0010
670 0.0010
126 0.0010
638 0.0010
925 0.0010
195 0.0010
654 0.0010
917 0.0010
60 0.0010
691 0.0010
538 0.0010
326 0.0010
159 0.0010
778 0.0010
25 0.0010
619 0.0010
899 0.0010
555 0.0010
884 0.0010
967 0.0010
400 0.0010
80 0.0010
603 0.0010
658 0.0010
796 0.0010
244 0.0010
167 0.0010
663 0.0010
39 0.0010
866 0.0010
411 0.0010
83 0.0010
438 0.0010
743 0.0010
352 0.0010
957 0.0010
92 0.0010
51 0.0010
544 0.0010
836 0.0010
678 0.0010
546 0.0010
818 0.0010
737 0.0010
535 0.0010
419 0.0010
437 0.0010
100 0.0010
908 0.0010
246 0.0010
682 0.0010
321 0.0010
306 0.0010
324 0.0010
76 0.0010
440 0.0010
403 0.0009
387 0.0009
889 0.0009
361 0.0009
245 0.0009
805 0.0009
356 0.0009
101 0.0009
591 0.0009
548 0.0009
347 0.0009
179 0.0009
129 0.0009
515 0.0009
533 0.0009
636 0.0009
459 0.0009
49 0.0009
0 0.0009
208 0.0009
708 0.0009
425 0.0009
770 0.0009
656 0.0009
516 0.0009
624 0.0009
81 0.0009
2 0.0009
405 0.0009
431 0.0009
45 0.0009
500 0.0009
285 0.0009
632 0.0009
671 0.0009
860 0.0009
115 0.0009
219 0.0009
88 0.0009
339 0.0009
530 0.0009
180 0.0009
518 0.0009
263 0.0009
463 0.0009
649 0.0009
268 0.0009
241 0.0009
54 0.0009
712 0.0009
105 0.0009
787 0.0009
972 0.0009
58 0.0009
734 0.0009
433 0.0009
812 0.0009
971 0.0009
406 0.0009
316 0.0009
21 0.0009
473 0.0009
801 0.0009
426 0.0009
626 0.0009
843 0.0009
565 0.0009
64 0.0009
907 0.0009
575 0.0009
864 0.0009
258 0.0009
331 0.0009
999 0.0009
580 0.0009
291 0.0009
389 0.0009
714 0.0009
6 0.0009
683 0.0009
994 0.0009
719 0.0009
882 0.0009
920 0.0009
522 0.0009
958 0.0009
259 0.0009
482 0.0009
107 0.0009
694 0.0009
370 0.0009
48 0.0009
455 0.0009
56 0.0009
740 0.0009
94 0.0009
600 0.0009
467 0.0009
934 0.0009
706 0.0009
97 0.0009
70 0.0009
480 0.0009
545 0.0009
134 0.0009
277 0.0009
264 0.0009
131 0.0009
890 0.0009
774 0.0009
363 0.0009
991 0.0009
695 0.0009
207 0.0009
278 0.0009
623 0.0009
421 0.0009
38 0.0009
709 0.0009
462 0.0009
142 0.0009
680 0.0009
722 0.0009
374 0.0009
348 0.0009
451 0.0009
255 0.0009
72 0.0009
37 0.0009
376 0.0009
571 0.0009
521 0.0009
830 0.0009
840 0.0009
776 0.0009
144 0.0009
597 0.0009
604 0.0009
633 0.0009
150 0.0009
969 0.0009
229 0.0009
871 0.0009
110 0.0009
178 0.0009
983 0.0009
559 0.0009
873 0.0009
429 0.0009
990 0.0009
147 0.0009
116 0.0009
543 0.0009
336 0.0009
79 0.0009
910 0.0009
475 0.0009
396 0.0009
89 0.0009
951 0.0009
692 0.0009
952 0.0009
960 0.0009
478 0.0009
217 0.0009
761 0.0009
87 0.0009
358 0.0009
896 0.0009
941 0.0009
334 0.0009
483 0.0009
789 0.0009
283 0.0009
853 0.0009
733 0.0009
560 0.0009
766 0.0009
854 0.0009
276 0.0009
775 0.0009
676 0.0009
594 0.0009
768 0.0009
718 0.0009
964 0.0009
769 0.0009
592 0.0009
469 0.0009
813 0.0009
841 0.0009
855 0.0009
166 0.0009
817 0.0009
269 0.0009
693 0.0009
553 0.0009
980 0.0009
760 0.0009
966 0.0009
914 0.0009
732 0.0009
343 0.0009
686 0.0009
829 0.0009
33 0.0009
344 0.0009
981 0.0009
200 0.0009
7 0.0009
117 0.0009
574 0.0009
354 0.0009
498 0.0009
844 0.0009
235 0.0009
583 0.0009
942 0.0009
620 0.0009
687 0.0009
187 0.0009
30 0.0009
724 0.0009
73 0.0009
295 0.0009
486 0.0009
795 0.0009
762 0.0009
373 0.0009
381 0.0009
688 0.0009
236 0.0009
302 0.0009
204 0.0009
383 0.0009
948 0.0009
954 0.0009
627 0.0009
788 0.0009
481 0.0009
798 0.0008
612 0.0008
111 0.0008
897 0.0008
460 0.0008
133 0.0008
1 0.0008
453 0.0008
919 0.0008
282 0.0008
936 0.0008
298 0.0008
715 0.0008
901 0.0008
947 0.0008
721 0.0008
842 0.0008
821 0.0008
367 0.0008
567 0.0008
628 0.0008
689 0.0008
635 0.0008
976 0.0008
93 0.0008
286 0.0008
138 0.0008
810 0.0008
780 0.0008
140 0.0008
457 0.0008
523 0.0008
581 0.0008
815 0.0008
360 0.0008
251 0.0008
510 0.0008
149 0.0008
59 0.0008
598 0.0008
465 0.0008
926 0.0008
792 0.0008
155 0.0008
317 0.0008
177 0.0008
502 0.0008
913 0.0008
891 0.0008
52 0.0008
113 0.0008
745 0.0008
593 0.0008
458 0.0008
939 0.0008
313 0.0008
212 0.0008
562 0.0008
439 0.0008
158 0.0008
863 0.0008
549 0.0007
