107 0.5671
1085 0.2577
3437 0.2519
1577 0.1422
119 0.1210
171 0.1184
698 0.0972
1465 0.0806
1718 0.0753
1534 0.0716
414 0.0603
3263 0.0555
2946 0.0483
567 0.0458
1666 0.0452
1505 0.0414
277 0.0374
862 0.0367
563 0.0348
1405 0.0336
175 0.0335
686 0.0313
58 0.0299
2543 0.0298
2047 0.0274
3173 0.0259
2347 0.0240
3005 0.0236
1642 0.0229
3101 0.0223
594 0.0223
19 0.0222
3010 0.0196
1165 0.0189
4031 0.0181
475 0.0181
3385 0.0180
1193 0.0177
2863 0.0173
1726 0.0147
483 0.0146
990 0.0144
1419 0.0140
2313 0.0139
2754 0.0138
3117 0.0136
2266 0.0135
1954 0.0133
1171 0.0131
25 0.0127
4023 0.0122
2869 0.0119
23 0.0113
1941 0.0109
2542 0.0105
269 0.0100
1098 0.0100
3830 0.0100
3258 0.0096
2126 0.0096
2143 0.0088
3105 0.0086
1450 0.0086
2117 0.0085
2283 0.0083
3275 0.0080
3265 0.0078
173 0.0075
3111 0.0071
329 0.0071
1317 0.0071
2133 0.0071
2729 0.0067
2007 0.0067
1758 0.0066
2999 0.0065
2417 0.0064
3019 0.0063
3406 0.0062
713 0.0060
3034 0.0057
163 0.0056
2199 0.0056
517 0.0054
1687 0.0053
2289 0.0047
745 0.0045
389 0.0045
549 0.0043
41 0.0043
2889 0.0043
3318 0.0042
21 0.0041
3089 0.0041
3179 0.0041
230 0.0041
3386 0.0040
198 0.0040
1593 0.0040
363 0.0040
339 0.0039
2189 0.0038
805 0.0038
1825 0.0038
373 0.0038
1 0.0038
2694 0.0037
353 0.0037
3201 0.0036
3366 0.0036
2282 0.0036
719 0.0036
2813 0.0036
122 0.0035
2642 0.0035
3363 0.0034
1926 0.0034
566 0.0033
2693 0.0033
3279 0.0033
2581 0.0032
2839 0.0032
747 0.0032
703 0.0032
830 0.0032
3233 0.0031
3178 0.0030
4014 0.0030
2325 0.0030
2734 0.0029
229 0.0029
651 0.0029
366 0.0029
2677 0.0029
249 0.0028
3877 0.0027
2038 0.0027
1361 0.0027
3251 0.0027
245 0.0026
3162 0.0026
2041 0.0026
3274 0.0026
2786 0.0026
526 0.0026
2389 0.0026
2535 0.0026
538 0.0025
1555 0.0025
343 0.0025
4038 0.0025
1013 0.0024
3049 0.0024
2398 0.0024
51 0.0024
83 0.0024
237 0.0024
3302 0.0024
2679 0.0024
697 0.0023
239 0.0023
3851 0.0023
67 0.0023
9 0.0023
2443 0.0023
823 0.0023
1178 0.0023
203 0.0023
190 0.0022
2399 0.0022
3090 0.0022
3989 0.0022
637 0.0022
3331 0.0022
3289 0.0022
3155 0.0021
3011 0.0021
387 0.0021
3186 0.0021
1973 0.0021
3214 0.0021
1549 0.0020
26 0.0020
115 0.0020
3355 0.0020
2825 0.0020
3078 0.0020
2962 0.0020
285 0.0020
89 0.0020
319 0.0020
2145 0.0020
3495 0.0019
271 0.0019
1835 0.0019
2361 0.0019
3054 0.0019
3410 0.0019
606 0.0019
3327 0.0019
3119 0.0018
1173 0.0018
3561 0.0018
3062 0.0018
170 0.0018
2510 0.0018
3295 0.0018
150 0.0018
2867 0.0018
3345 0.0018
2659 0.0017
2321 0.0017
2913 0.0017
463 0.0017
2026 0.0017
498 0.0017
3998 0.0017
437 0.0017
2419 0.0017
3087 0.0017
2978 0.0017
2107 0.0017
82 0.0017
2706 0.0016
810 0.0016
2302 0.0016
322 0.0016
3397 0.0016
3387 0.0016
2883 0.0015
3205 0.0015
323 0.0015
3677 0.0015
3633 0.0014
2594 0.0014
2333 0.0014
2979 0.0014
2317 0.0014
513 0.0014
2031 0.0014
3077 0.0014
2901 0.0014
2742 0.0014
202 0.0014
2357 0.0014
497 0.0014
3079 0.0013
3001 0.0013
3319 0.0013
542 0.0013
2787 0.0013
4030 0.0013
2527 0.0013
2949 0.0013
2669 0.0013
2174 0.0013
2927 0.0013
2759 0.0013
1985 0.0013
3033 0.0013
2730 0.0013
803 0.0012
1663 0.0012
819 0.0012
3525 0.0012
2301 0.0012
1074 0.0012
1369 0.0012
2034 0.0012
3335 0.0012
419 0.0012
199 0.0012
2111 0.0012
214 0.0012
2453 0.0012
2951 0.0012
3365 0.0012
3361 0.0012
2433 0.0012
4002 0.0012
2498 0.0012
2713 0.0012
2906 0.0012
3409 0.0011
3221 0.0011
2342 0.0011
3674 0.0011
1509 0.0011
1126 0.0011
2910 0.0011
197 0.0011
2986 0.0011
1621 0.0011
434 0.0011
2401 0.0011
3137 0.0011
146 0.0011
3107 0.0011
2081 0.0011
2459 0.0010
2319 0.0010
17 0.0010
2327 0.0010
531 0.0010
3149 0.0010
2905 0.0010
2915 0.0010
1702 0.0010
1553 0.0010
2061 0.0010
2862 0.0010
1919 0.0010
2102 0.0010
2665 0.0010
3797 0.0010
3577 0.0010
2745 0.0010
2826 0.0010
553 0.0010
2781 0.0010
325 0.0010
2925 0.0010
2806 0.0009
455 0.0009
649 0.0009
3046 0.0009
2054 0.0009
3342 0.0009
2365 0.0009
261 0.0009
1334 0.0009
2707 0.0009
98 0.0009
342 0.0009
774 0.0009
2087 0.0009
2698 0.0009
925 0.0009
53 0.0009
2322 0.0009
2214 0.0009
3245 0.0009
641 0.0009
113 0.0009
3294 0.0008
315 0.0008
1883 0.0008
2718 0.0008
3383 0.0008
3026 0.0008
1483 0.0008
2969 0.0008
465 0.0008
2938 0.0008
2062 0.0008
2961 0.0008
1289 0.0008
462 0.0008
1590 0.0008
395 0.0008
2247 0.0008
3174 0.0008
2474 0.0008
3154 0.0008
359 0.0008
3038 0.0008
3141 0.0008
2231 0.0008
2914 0.0008
143 0.0008
391 0.0008
3651 0.0008
1029 0.0008
3002 0.0008
109 0.0008
3750 0.0008
3501 0.0008
1921 0.0008
2127 0.0008
1086 0.0007
39 0.0007
3291 0.0007
3982 0.0007
601 0.0007
2598 0.0007
2805 0.0007
2719 0.0007
2003 0.0007
3081 0.0007
2009 0.0007
3995 0.0007
2738 0.0007
1522 0.0007
3211 0.0007
2538 0.0007
2775 0.0007
2426 0.0007
2627 0.0007
185 0.0007
798 0.0007
3157 0.0007
2509 0.0007
313 0.0007
3721 0.0007
2533 0.0007
2822 0.0007
1959 0.0007
2259 0.0007
3042 0.0007
1077 0.0007
3085 0.0007
29 0.0007
133 0.0007
111 0.0007
2791 0.0007
3986 0.0007
4017 0.0007
4027 0.0007
383 0.0007
81 0.0007
155 0.0007
219 0.0007
351 0.0007
453 0.0007
91 0.0007
259 0.0007
61 0.0007
2490 0.0007
3309 0.0007
231 0.0007
3027 0.0007
2511 0.0006
1947 0.0006
2277 0.0006
1146 0.0006
3962 0.0006
2865 0.0006
3326 0.0006
361 0.0006
1945 0.0006
2618 0.0006
2345 0.0006
3231 0.0006
1622 0.0006
946 0.0006
2501 0.0006
3886 0.0006
3057 0.0006
2983 0.0006
3278 0.0006
3121 0.0006
2933 0.0006
561 0.0006
1049 0.0006
1847 0.0006
3017 0.0006
507 0.0006
2877 0.0006
402 0.0006
130 0.0006
374 0.0006
1935 0.0006
1182 0.0006
1951 0.0006
3065 0.0006
3353 0.0006
2835 0.0006
2894 0.0006
2950 0.0006
1513 0.0006
2491 0.0006
2394 0.0006
3041 0.0005
2017 0.0005
2170 0.0005
2001 0.0005
1931 0.0005
2966 0.0005
1617 0.0005
2897 0.0005
1387 0.0005
1982 0.0005
2451 0.0005
3369 0.0005
2037 0.0005
2617 0.0005
422 0.0005
857 0.0005
2223 0.0005
1537 0.0005
2421 0.0005
2683 0.0005
2071 0.0005
525 0.0005
3198 0.0005
2233 0.0005
1329 0.0005
3550 0.0005
2235 0.0005
2921 0.0005
370 0.0005
3943 0.0005
2397 0.0005
2725 0.0005
481 0.0005
1909 0.0005
2159 0.0005
2529 0.0005
1674 0.0005
2173 0.0005
2769 0.0005
1485 0.0004
331 0.0004
2134 0.0004
3097 0.0004
2099 0.0004
3185 0.0004
539 0.0004
54 0.0004
503 0.0004
3299 0.0004
1846 0.0004
921 0.0004
2778 0.0004
2785 0.0004
2211 0.0004
2142 0.0004
2841 0.0004
2626 0.0004
1927 0.0004
3253 0.0004
2818 0.0004
2155 0.0004
1518 0.0004
2294 0.0004
178 0.0004
2371 0.0004
1467 0.0004
3269 0.0004
2411 0.0004
2810 0.0004
3402 0.0004
13 0.0004
2249 0.0004
2751 0.0004
1995 0.0004
2461 0.0004
1911 0.0004
2555 0.0004
2101 0.0004
2881 0.0004
559 0.0004
2955 0.0004
2202 0.0004
417 0.0004
3426 0.0004
2663 0.0004
439 0.0004
2222 0.0004
2739 0.0004
3454 0.0004
397 0.0004
2171 0.0004
2807 0.0004
3146 0.0004
461 0.0004
1175 0.0004
3035 0.0004
2766 0.0004
917 0.0004
3025 0.0004
3381 0.0004
3150 0.0004
1255 0.0004
2194 0.0003
2297 0.0003
2854 0.0003
2571 0.0003
2550 0.0003
2137 0.0003
1806 0.0003
3187 0.0003
281 0.0003
2385 0.0003
94 0.0003
251 0.0003
137 0.0003
166 0.0003
2250 0.0003
3861 0.0003
2782 0.0003
97 0.0003
253 0.0003
1999 0.0003
2335 0.0003
3287 0.0003
2187 0.0003
2690 0.0003
423 0.0003
1070 0.0003
2138 0.0003
510 0.0003
2085 0.0003
3330 0.0003
2526 0.0003
121 0.0003
3325 0.0003
2471 0.0003
2821 0.0003
2053 0.0003
2565 0.0003
2997 0.0003
590 0.0003
2735 0.0003
3346 0.0003
2466 0.0003
2355 0.0003
2147 0.0003
2711 0.0003
2846 0.0003
3113 0.0003
3082 0.0003
105 0.0003
1618 0.0003
346 0.0003
2629 0.0003
3051 0.0003
2858 0.0003
3145 0.0003
1993 0.0003
3237 0.0003
1523 0.0003
2755 0.0003
2318 0.0003
967 0.0003
1637 0.0003
3431 0.0003
2149 0.0003
2597 0.0003
2018 0.0003
1338 0.0003
2153 0.0003
2585 0.0003
2341 0.0003
2890 0.0003
2923 0.0003
3321 0.0003
2547 0.0003
3303 0.0003
555 0.0003
3177 0.0003
2658 0.0003
2049 0.0003
2377 0.0003
2406 0.0003
1783 0.0002
3394 0.0002
3341 0.0002
2634 0.0002
1966 0.0002
2378 0.0002
2567 0.0002
2279 0.0002
2689 0.0002
3339 0.0002
1782 0.0002
3609 0.0002
2125 0.0002
2246 0.0002
1730 0.0002
3066 0.0002
3350 0.0002
2566 0.0002
769 0.0002
3347 0.0002
2499 0.0002
318 0.0002
2330 0.0002
1435 0.0002
1274 0.0002
1975 0.0002
407 0.0002
2497 0.0002
3434 0.0002
1961 0.0002
1327 0.0002
2661 0.0002
3395 0.0002
3222 0.0002
2758 0.0002
3374 0.0002
3195 0.0002
3741 0.0002
3013 0.0002
546 0.0002
514 0.0002
227 0.0002
289 0.0002
2783 0.0002
2169 0.0002
995 0.0002
127 0.0002
299 0.0002
1639 0.0002
291 0.0002
1431 0.0002
2413 0.0002
2002 0.0002
3411 0.0002
2795 0.0002
2391 0.0002
1866 0.0002
2042 0.0002
194 0.0002
2447 0.0002
2241 0.0002
2941 0.0002
297 0.0002
2919 0.0002
2366 0.0002
2649 0.0002
3194 0.0002
3191 0.0002
2023 0.0002
2793 0.0002
3997 0.0002
1626 0.0002
927 0.0002
2350 0.0002
1197 0.0002
433 0.0002
1863 0.0002
645 0.0002
3213 0.0002
355 0.0002
591 0.0002
1217 0.0002
431 0.0002
2747 0.0002
1307 0.0002
951 0.0002
2534 0.0002
3022 0.0002
534 0.0002
2989 0.0002
2437 0.0002
2183 0.0002
3425 0.0002
2203 0.0002
2458 0.0002
378 0.0002
2207 0.0002
3103 0.0002
438 0.0002
2475 0.0002
1614 0.0002
3259 0.0002
2502 0.0002
3403 0.0002
1283 0.0002
213 0.0002
1519 0.0002
3242 0.0002
3159 0.0002
3139 0.0002
3329 0.0002
2935 0.0002
3114 0.0002
2939 0.0001
2157 0.0001
3225 0.0001
2958 0.0001
3267 0.0001
515 0.0001
2162 0.0001
1574 0.0001
3083 0.0001
2886 0.0001
2726 0.0001
2229 0.0001
2242 0.0001
2065 0.0001
2478 0.0001
159 0.0001
2226 0.0001
2191 0.0001
1277 0.0001
2278 0.0001
506 0.0001
3098 0.0001
50 0.0001
3415 0.0001
3210 0.0001
2918 0.0001
310 0.0001
2267 0.0001
2346 0.0001
629 0.0001
3277 0.0001
1561 0.0001
2462 0.0001
493 0.0001
1377 0.0001
1437 0.0001
1965 0.0001
2870 0.0001
2291 0.0001
2589 0.0001
2809 0.0001
2351 0.0001
2215 0.0001
3373 0.0001
1487 0.0001
403 0.0001
99 0.0001
2091 0.0001
527 0.0001
1990 0.0001
1765 0.0001
427 0.0001
1511 0.0001
2193 0.0001
2871 0.0001
1458 0.0001
2837 0.0001
3018 0.0001
2981 0.0001
991 0.0001
2847 0.0001
1678 0.0001
3351 0.0001
3207 0.0001
1955 0.0001
1930 0.0001
2833 0.0001
3377 0.0001
2610 0.0001
3118 0.0001
1567 0.0001
2831 0.0001
3086 0.0001
1473 0.0001
3203 0.0001
3053 0.0001
3122 0.0001
3218 0.0001
3354 0.0001
31 0.0001
2799 0.0001
1545 0.0001
158 0.0001
2298 0.0001
547 0.0001
177 0.0001
278 0.0001
2762 0.0001
225 0.0001
2605 0.0001
2163 0.0001
405 0.0001
1761 0.0001
683 0.0001
1199 0.0001
2445 0.0001
3219 0.0001
557 0.0001
973 0.0001
3487 0.0001
2395 0.0001
2210 0.0001
2957 0.0001
2343 0.0001
3378 0.0001
2093 0.0001
2131 0.0001
3043 0.0001
2151 0.0001
3255 0.0001
1494 0.0001
169 0.0001
2254 0.0001
1427 0.0001
2622 0.0001
537 0.0001
3417 0.0001
4009 0.0001
471 0.0001
3994 0.0001
2702 0.0001
3171 0.0001
1630 0.0001
3215 0.0001
3981 0.0001
2463 0.0001
2069 0.0001
1851 0.0001
2285 0.0001
1769 0.0001
1827 0.0001
1794 0.0001
2934 0.0001
1983 0.0001
2239 0.0001
3261 0.0001
1813 0.0001
1187 0.0001
3095 0.0001
1471 0.0001
1843 0.0001
482 0.0001
3182 0.0001
1475 0.0001
2582 0.0001
2875 0.0001
1421 0.0001
2530 0.0001
1559 0.0001
2129 0.0001
2082 0.0001
2387 0.0001
1970 0.0001
3007 0.0001
3239 0.0001
458 0.0001
2675 0.0001
2602 0.0001
3165 0.0001
474 0.0001
1746 0.0001
1237 0.0001
2166 0.0001
3223 0.0001
2611 0.0001
1078 0.0001
2273 0.0001
3961 0.0001
3723 0.0001
2943 0.0001
369 0.0001
3229 0.0001
3362 0.0001
2909 0.0001
2531 0.0001
2123 0.0001
2643 0.0001
2926 0.0001
2741 0.0001
2653 0.0001
1155 0.0001
2843 0.0001
3075 0.0001
2849 0.0001
1803 0.0001
1222 0.0001
3115 0.0001
1589 0.0001
5 0.0001
3110 0.0001
2367 0.0001
2937 0.0001
993 0.0001
2315 0.0001
242 0.0001
2331 0.0001
1399 0.0001
1425 0.0001
2763 0.0001
337 0.0001
93 0.0001
243 0.0001
186 0.0001
1367 0.0001
1014 0.0001
2206 0.0001
3138 0.0001
1899 0.0001
294 0.0001
3545 0.0001
1786 0.0001
1923 0.0001
2590 0.0001
1858 0.0001
1833 0.0001
646 0.0001
3307 0.0001
473 0.0001
415 0.0001
1390 0.0001
1591 0.0001
2146 0.0001
1611 0.0001
3390 0.0001
3393 0.0001
1110 0.0001
1529 0.0001
2866 0.0001
630 0.0001
2666 0.0001
2309 0.0001
57 0.0001
2765 0.0001
1881 0.0001
1861 0.0001
2819 0.0001
410 0.0001
1410 0.0001
118 0.0001
2185 0.0001
2859 0.0001
1994 0.0001
2198 0.0001
2275 0.0001
367 0.0001
2473 0.0001
2197 0.0001
1557 0.0001
2410 0.0001
3106 0.0001
1358 0.0001
2029 0.0001
558 0.0001
2403 0.0001
2449 0.0001
2454 0.0001
2749 0.0001
1371 0.0001
3359 0.0001
1211 0.0001
1221 0.0001
487 0.0001
3430 0.0001
3338 0.0001
3427 0.0001
2218 0.0001
451 0.0001
545 0.0001
2329 0.0001
2393 0.0001
1238 0.0001
1554 0.0001
1075 0.0001
1779 0.0001
1613 0.0001
2975 0.0001
117 0.0001
1235 0.0001
1917 0.0001
1391 0.0001
1445 0.0001
3938 0.0001
2553 0.0001
3422 0.0001
2973 0.0001
1683 0.0000
1962 0.0000
1447 0.0000
2334 0.0000
523 0.0000
1790 0.0000
2630 0.0000
1714 0.0000
1573 0.0000
1839 0.0000
2667 0.0000
1694 0.0000
3151 0.0000
1610 0.0000
1551 0.0000
1373 0.0000
3009 0.0000
2139 0.0000
1791 0.0000
1017 0.0000
1709 0.0000
2482 0.0000
1745 0.0000
1214 0.0000
1469 0.0000
2518 0.0000
2507 0.0000
3419 0.0000
1845 0.0000
1459 0.0000
469 0.0000
1893 0.0000
705 0.0000
2753 0.0000
3521 0.0000
2715 0.0000
1707 0.0000
519 0.0000
2686 0.0000
535 0.0000
106 0.0000
2803 0.0000
2039 0.0000
3313 0.0000
2830 0.0000
2369 0.0000
1729 0.0000
2409 0.0000
1250 0.0000
398 0.0000
3257 0.0000
430 0.0000
2789 0.0000
2506 0.0000
2537 0.0000
1913 0.0000
1778 0.0000
3297 0.0000
125 0.0000
1006 0.0000
2570 0.0000
3167 0.0000
1273 0.0000
2546 0.0000
2078 0.0000
1598 0.0000
961 0.0000
2575 0.0000
2662 0.0000
2601 0.0000
2083 0.0000
1831 0.0000
1705 0.0000
1817 0.0000
2757 0.0000
317 0.0000
2295 0.0000
1533 0.0000
1189 0.0000
1837 0.0000
1191 0.0000
2130 0.0000
1645 0.0000
2150 0.0000
2063 0.0000
1366 0.0000
1697 0.0000
2161 0.0000
2338 0.0000
1158 0.0000
2405 0.0000
729 0.0000
1409 0.0000
3705 0.0000
1867 0.0000
1661 0.0000
2873 0.0000
2414 0.0000
2607 0.0000
406 0.0000
1998 0.0000
302 0.0000
1675 0.0000
2379 0.0000
2434 0.0000
1585 0.0000
978 0.0000
1441 0.0000
421 0.0000
1703 0.0000
1946 0.0000
2635 0.0000
3405 0.0000
142 0.0000
1871 0.0000
1243 0.0000
2058 0.0000
2465 0.0000
1671 0.0000
3069 0.0000
1226 0.0000
3343 0.0000
1787 0.0000
3930 0.0000
1717 0.0000
2646 0.0000
3285 0.0000
2103 0.0000
1943 0.0000
2438 0.0000
3070 0.0000
3246 0.0000
2262 0.0000
2243 0.0000
1393 0.0000
2521 0.0000
3357 0.0000
1330 0.0000
457 0.0000
1059 0.0000
1166 0.0000
3199 0.0000
2827 0.0000
2429 0.0000
2010 0.0000
1569 0.0000
1725 0.0000
1107 0.0000
3793 0.0000
639 0.0000
1275 0.0000
334 0.0000
1699 0.0000
2407 0.0000
3073 0.0000
1799 0.0000
3506 0.0000
678 0.0000
3391 0.0000
1349 0.0000
2965 0.0000
2994 0.0000
2339 0.0000
913 0.0000
30 0.0000
1266 0.0000
1479 0.0000
2777 0.0000
2615 0.0000
2354 0.0000
1823 0.0000
1979 0.0000
357 0.0000
2121 0.0000
3142 0.0000
1185 0.0000
3593 0.0000
3442 0.0000
3758 0.0000
3429 0.0000
2625 0.0000
1882 0.0000
2271 0.0000
897 0.0000
2853 0.0000
2697 0.0000
1515 0.0000
1742 0.0000
1495 0.0000
1570 0.0000
1594 0.0000
1894 0.0000
2095 0.0000
1807 0.0000
3061 0.0000
354 0.0000
2845 0.0000
2006 0.0000
1117 0.0000
554 0.0000
2603 0.0000
1609 0.0000
3838 0.0000
953 0.0000
2030 0.0000
1159 0.0000
1879 0.0000
3293 0.0000
425 0.0000
1001 0.0000
1331 0.0000
1477 0.0000
2059 0.0000
1525 0.0000
1041 0.0000
1987 0.0000
2154 0.0000
1583 0.0000
1767 0.0000
1101 0.0000
2253 0.0000
1282 0.0000
2771 0.0000
3433 0.0000
570 0.0000
2323 0.0000
3418 0.0000
3189 0.0000
2750 0.0000
1662 0.0000
1067 0.0000
2737 0.0000
1003 0.0000
2931 0.0000
2562 0.0000
2033 0.0000
2551 0.0000
1971 0.0000
3129 0.0000
7 0.0000
1502 0.0000
2685 0.0000
1337 0.0000
3050 0.0000
1246 0.0000
2090 0.0000
2645 0.0000
2201 0.0000
518 0.0000
3918 0.0000
2381 0.0000
579 0.0000
3014 0.0000
161 0.0000
1122 0.0000
1669 0.0000
3611 0.0000
930 0.0000
2118 0.0000
1347 0.0000
3349 0.0000
1345 0.0000
2257 0.0000
3067 0.0000
2221 0.0000
2993 0.0000
489 0.0000
1357 0.0000
2874 0.0000
2073 0.0000
2995 0.0000
1750 0.0000
1429 0.0000
1603 0.0000
2743 0.0000
3158 0.0000
2593 0.0000
2586 0.0000
2991 0.0000
2709 0.0000
2557 0.0000
2430 0.0000
1902 0.0000
3290 0.0000
2559 0.0000
1770 0.0000
1741 0.0000
1925 0.0000
654 0.0000
2043 0.0000
1793 0.0000
2773 0.0000
1335 0.0000
2561 0.0000
1374 0.0000
1543 0.0000
1918 0.0000
1114 0.0000
2425 0.0000
2363 0.0000
1305 0.0000
1341 0.0000
2326 0.0000
1757 0.0000
1322 0.0000
1842 0.0000
1066 0.0000
1259 0.0000
2882 0.0000
1938 0.0000
2446 0.0000
2954 0.0000
3166 0.0000
1411 0.0000
2623 0.0000
2619 0.0000
3234 0.0000
1010 0.0000
1682 0.0000
2761 0.0000
394 0.0000
1055 0.0000
3153 0.0000
1123 0.0000
3273 0.0000
1897 0.0000
1701 0.0000
2558 0.0000
2005 0.0000
3829 0.0000
1242 0.0000
3023 0.0000
3226 0.0000
1231 0.0000
1153 0.0000
1026 0.0000
2670 0.0000
3906 0.0000
1227 0.0000
2723 0.0000
694 0.0000
1261 0.0000
3206 0.0000
634 0.0000
2945 0.0000
1597 0.0000
947 0.0000
3298 0.0000
3169 0.0000
1290 0.0000
1670 0.0000
3170 0.0000
753 0.0000
2647 0.0000
1665 0.0000
1850 0.0000
1170 0.0000
1563 0.0000
1230 0.0000
2489 0.0000
2895 0.0000
2583 0.0000
1269 0.0000
450 0.0000
3247 0.0000
470 0.0000
941 0.0000
1673 0.0000
3526 0.0000
2423 0.0000
22 0.0000
1685 0.0000
609 0.0000
2179 0.0000
1083 0.0000
2519 0.0000
781 0.0000
906 0.0000
2573 0.0000
3286 0.0000
1689 0.0000
73 0.0000
957 0.0000
1021 0.0000
2045 0.0000
2674 0.0000
3617 0.0000
954 0.0000
2578 0.0000
1727 0.0000
2255 0.0000
2135 0.0000
2067 0.0000
3254 0.0000
3421 0.0000
1875 0.0000
2190 0.0000
3379 0.0000
2638 0.0000
1819 0.0000
2485 0.0000
1809 0.0000
2290 0.0000
1619 0.0000
1058 0.0000
2887 0.0000
1721 0.0000
2631 0.0000
1125 0.0000
1939 0.0000
3690 0.0000
446 0.0000
962 0.0000
2035 0.0000
1719 0.0000
2022 0.0000
1113 0.0000
2495 0.0000
1527 0.0000
2651 0.0000
3586 0.0000
141 0.0000
1047 0.0000
1491 0.0000
2086 0.0000
1037 0.0000
1291 0.0000
2797 0.0000
2374 0.0000
2974 0.0000
2299 0.0000
1986 0.0000
1514 0.0000
2911 0.0000
543 0.0000
982 0.0000
211 0.0000
1886 0.0000
2110 0.0000
1343 0.0000
1453 0.0000
1910 0.0000
3558 0.0000
409 0.0000
2929 0.0000
1482 0.0000
1706 0.0000
1942 0.0000
3435 0.0000
479 0.0000
3123 0.0000
1857 0.0000
1822 0.0000
2055 0.0000
1449 0.0000
1183 0.0000
3241 0.0000
1205 0.0000
3306 0.0000
3821 0.0000
3301 0.0000
1303 0.0000
1934 0.0000
1507 0.0000
1423 0.0000
2637 0.0000
1209 0.0000
1179 0.0000
1914 0.0000
2823 0.0000
2370 0.0000
1470 0.0000
1079 0.0000
942 0.0000
1415 0.0000
1826 0.0000
1735 0.0000
1497 0.0000
1722 0.0000
1258 0.0000
2251 0.0000
2851 0.0000
1810 0.0000
1531 0.0000
3790 0.0000
435 0.0000
2119 0.0000
1754 0.0000
3971 0.0000
1149 0.0000
1370 0.0000
350 0.0000
3529 0.0000
3738 0.0000
2641 0.0000
2057 0.0000
2815 0.0000
829 0.0000
3015 0.0000
2386 0.0000
2829 0.0000
3249 0.0000
3337 0.0000
2115 0.0000
1565 0.0000
3966 0.0000
3029 0.0000
1025 0.0000
827 0.0000
3455 0.0000
3902 0.0000
915 0.0000
2657 0.0000
62 0.0000
1658 0.0000
3825 0.0000
3358 0.0000
1462 0.0000
2539 0.0000
3794 0.0000
963 0.0000
2587 0.0000
3782 0.0000
3389 0.0000
2525 0.0000
1018 0.0000
1011 0.0000
1359 0.0000
1223 0.0000
653 0.0000
2427 0.0000
1267 0.0000
1677 0.0000
1643 0.0000
2959 0.0000
2074 0.0000
1547 0.0000
1106 0.0000
1538 0.0000
3731 0.0000
3842 0.0000
3927 0.0000
1130 0.0000
1210 0.0000
3109 0.0000
2802 0.0000
3945 0.0000
3869 0.0000
2089 0.0000
2731 0.0000
1245 0.0000
966 0.0000
2349 0.0000
2655 0.0000
1891 0.0000
1135 0.0000
101 0.0000
1054 0.0000
1302 0.0000
1958 0.0000
2237 0.0000
362 0.0000
2893 0.0000
3314 0.0000
1898 0.0000
1634 0.0000
2967 0.0000
2710 0.0000
187 0.0000
1929 0.0000
1789 0.0000
3310 0.0000
2703 0.0000
3375 0.0000
3449 0.0000
1957 0.0000
2790 0.0000
1535 0.0000
1051 0.0000
2673 0.0000
997 0.0000
3039 0.0000
1426 0.0000
3093 0.0000
2122 0.0000
3553 0.0000
326 0.0000
1109 0.0000
3511 0.0000
994 0.0000
1849 0.0000
1271 0.0000
1461 0.0000
842 0.0000
2165 0.0000
853 0.0000
257 0.0000
2633 0.0000
1605 0.0000
1407 0.0000
905 0.0000
418 0.0000
1215 0.0000
1318 0.0000
1997 0.0000
2051 0.0000
2181 0.0000
933 0.0000
1623 0.0000
1785 0.0000
1314 0.0000
3926 0.0000
3423 0.0000
2019 0.0000
1095 0.0000
1434 0.0000
1647 0.0000
2467 0.0000
1406 0.0000
1774 0.0000
1530 0.0000
345 0.0000
1595 0.0000
2209 0.0000
3629 0.0000
3737 0.0000
1571 0.0000
2098 0.0000
1298 0.0000
1309 0.0000
1207 0.0000
1715 0.0000
1795 0.0000
766 0.0000
669 0.0000
2681 0.0000
2523 0.0000
1989 0.0000
494 0.0000
1323 0.0000
1950 0.0000
1219 0.0000
2903 0.0000
3722 0.0000
1781 0.0000
551 0.0000
1350 0.0000
1247 0.0000
695 0.0000
3803 0.0000
2545 0.0000
3135 0.0000
2109 0.0000
1009 0.0000
1753 0.0000
3283 0.0000
1679 0.0000
238 0.0000
3947 0.0000
1087 0.0000
1578 0.0000
1915 0.0000
1862 0.0000
2654 0.0000
2563 0.0000
3021 0.0000
2261 0.0000
2238 0.0000
1163 0.0000
3719 0.0000
1681 0.0000
1981 0.0000
929 0.0000
2469 0.0000
3810 0.0000
770 0.0000
3779 0.0000
1339 0.0000
486 0.0000
1102 0.0000
459 0.0000
3605 0.0000
1413 0.0000
1691 0.0000
3931 0.0000
3559 0.0000
1265 0.0000
1446 0.0000
2549 0.0000
65 0.0000
2225 0.0000
1646 0.0000
614 0.0000
3534 0.0000
815 0.0000
265 0.0000
3951 0.0000
1751 0.0000
1743 0.0000
666 0.0000
1811 0.0000
619 0.0000
1818 0.0000
1385 0.0000
849 0.0000
934 0.0000
1099 0.0000
618 0.0000
3625 0.0000
381 0.0000
505 0.0000
3193 0.0000
922 0.0000
734 0.0000
2234 0.0000
3826 0.0000
3599 0.0000
1142 0.0000
1991 0.0000
3702 0.0000
617 0.0000
3873 0.0000
2359 0.0000
3443 0.0000
811 0.0000
1397 0.0000
687 0.0000
3 0.0000
718 0.0000
597 0.0000
2947 0.0000
3921 0.0000
2907 0.0000
1830 0.0000
1885 0.0000
2727 0.0000
2097 0.0000
2891 0.0000
1131 0.0000
1169 0.0000
2985 0.0000
2286 0.0000
2850 0.0000
1195 0.0000
987 0.0000
1738 0.0000
2574 0.0000
2579 0.0000
1659 0.0000
1281 0.0000
1766 0.0000
1566 0.0000
3475 0.0000
1321 0.0000
2977 0.0000
2513 0.0000
445 0.0000
3734 0.0000
2515 0.0000
2306 0.0000
38 0.0000
134 0.0000
3909 0.0000
2878 0.0000
1161 0.0000
834 0.0000
679 0.0000
3642 0.0000
1667 0.0000
3469 0.0000
2307 0.0000
2077 0.0000
2418 0.0000
1023 0.0000
303 0.0000
2046 0.0000
959 0.0000
2577 0.0000
1313 0.0000
3542 0.0000
223 0.0000
1649 0.0000
1035 0.0000
3514 0.0000
1278 0.0000
1686 0.0000
1638 0.0000
610 0.0000
3831 0.0000
3546 0.0000
773 0.0000
1878 0.0000
3881 0.0000
1454 0.0000
3555 0.0000
3662 0.0000
739 0.0000
3693 0.0000
3463 0.0000
3833 0.0000
2705 0.0000
573 0.0000
490 0.0000
1734 0.0000
3499 0.0000
1641 0.0000
1901 0.0000
727 0.0000
2678 0.0000
923 0.0000
2353 0.0000
2717 0.0000
1402 0.0000
1763 0.0000
2025 0.0000
1953 0.0000
3573 0.0000
338 0.0000
975 0.0000
1650 0.0000
825 0.0000
3102 0.0000
1375 0.0000
833 0.0000
426 0.0000
1539 0.0000
754 0.0000
1922 0.0000
3747 0.0000
1542 0.0000
1737 0.0000
787 0.0000
2066 0.0000
2990 0.0000
2227 0.0000
818 0.0000
1181 0.0000
3505 0.0000
3238 0.0000
738 0.0000
3870 0.0000
1299 0.0000
1974 0.0000
2554 0.0000
59 0.0000
726 0.0000
3535 0.0000
1121 0.0000
3190 0.0000
1526 0.0000
983 0.0000
2606 0.0000
2213 0.0000
1257 0.0000
1062 0.0000
55 0.0000
1889 0.0000
2614 0.0000
14 0.0000
1007 0.0000
771 0.0000
2477 0.0000
3823 0.0000
2303 0.0000
3714 0.0000
1082 0.0000
1575 0.0000
1167 0.0000
3867 0.0000
3486 0.0000
3202 0.0000
939 0.0000
3858 0.0000
1225 0.0000
3399 0.0000
1190 0.0000
999 0.0000
1127 0.0000
2650 0.0000
1695 0.0000
3466 0.0000
3711 0.0000
1019 0.0000
2027 0.0000
3554 0.0000
3950 0.0000
1143 0.0000
1213 0.0000
1655 0.0000
1306 0.0000
2011 0.0000
2114 0.0000
3047 0.0000
1877 0.0000
3949 0.0000
3933 0.0000
1587 0.0000
3635 0.0000
87 0.0000
1501 0.0000
2287 0.0000
3645 0.0000
1398 0.0000
3209 0.0000
2265 0.0000
1451 0.0000
1351 0.0000
2953 0.0000
2687 0.0000
2970 0.0000
2415 0.0000
1129 0.0000
3907 0.0000
1355 0.0000
3621 0.0000
949 0.0000
3791 0.0000
914 0.0000
1229 0.0000
103 0.0000
1903 0.0000
3538 0.0000
2455 0.0000
1635 0.0000
1138 0.0000
1870 0.0000
1241 0.0000
2141 0.0000
971 0.0000
3687 0.0000
1541 0.0000
3510 0.0000
1907 0.0000
2591 0.0000
1053 0.0000
2522 0.0000
495 0.0000
1503 0.0000
2494 0.0000
4021 0.0000
3822 0.0000
3707 0.0000
817 0.0000
977 0.0000
3643 0.0000
2486 0.0000
1198 0.0000
129 0.0000
2186 0.0000
477 0.0000
822 0.0000
3217 0.0000
701 0.0000
246 0.0000
1653 0.0000
2402 0.0000
835 0.0000
1418 0.0000
3459 0.0000
2987 0.0000
3227 0.0000
682 0.0000
2714 0.0000
1841 0.0000
797 0.0000
1294 0.0000
3099 0.0000
2311 0.0000
3474 0.0000
3601 0.0000
3706 0.0000
2770 0.0000
3786 0.0000
3855 0.0000
1177 0.0000
3490 0.0000
3518 0.0000
3063 0.0000
569 0.0000
871 0.0000
333 0.0000
663 0.0000
574 0.0000
1963 0.0000
1457 0.0000
1805 0.0000
3471 0.0000
3262 0.0000
258 0.0000
69 0.0000
413 0.0000
3133 0.0000
3438 0.0000
3243 0.0000
1606 0.0000
1633 0.0000
3485 0.0000
3866 0.0000
123 0.0000
3841 0.0000
3891 0.0000
1201 0.0000
839 0.0000
3710 0.0000
1311 0.0000
1615 0.0000
3569 0.0000
3903 0.0000
274 0.0000
3414 0.0000
2175 0.0000
3557 0.0000
3847 0.0000
806 0.0000
1481 0.0000
3563 0.0000
777 0.0000
3679 0.0000
1723 0.0000
2971 0.0000
1379 0.0000
226 0.0000
1382 0.0000
1389 0.0000
3967 0.0000
814 0.0000
2373 0.0000
677 0.0000
845 0.0000
714 0.0000
1855 0.0000
898 0.0000
3730 0.0000
85 0.0000
3566 0.0000
2105 0.0000
3398 0.0000
3371 0.0000
4026 0.0000
1287 0.0000
3547 0.0000
989 0.0000
565 0.0000
3610 0.0000
1562 0.0000
1285 0.0000
631 0.0000
4013 0.0000
3753 0.0000
847 0.0000
3895 0.0000
3483 0.0000
2733 0.0000
647 0.0000
3549 0.0000
2390 0.0000
1582 0.0000
3759 0.0000
3533 0.0000
1801 0.0000
782 0.0000
3602 0.0000
3698 0.0000
1698 0.0000
509 0.0000
1733 0.0000
3590 0.0000
1654 0.0000
3763 0.0000
3250 0.0000
3497 0.0000
926 0.0000
3045 0.0000
3835 0.0000
1433 0.0000
1315 0.0000
2682 0.0000
3163 0.0000
1325 0.0000
3130 0.0000
2701 0.0000
793 0.0000
3915 0.0000
1151 0.0000
3774 0.0000
3957 0.0000
789 0.0000
3671 0.0000
3470 0.0000
2293 0.0000
2794 0.0000
1286 0.0000
1859 0.0000
587 0.0000
3578 0.0000
2358 0.0000
3767 0.0000
685 0.0000
622 0.0000
3583 0.0000
742 0.0000
3713 0.0000
625 0.0000
731 0.0000
314 0.0000
1550 0.0000
502 0.0000
3515 0.0000
3850 0.0000
3539 0.0000
3969 0.0000
521 0.0000
3718 0.0000
1154 0.0000
903 0.0000
1829 0.0000
3901 0.0000
1739 0.0000
1293 0.0000
2779 0.0000
3979 0.0000
3670 0.0000
1097 0.0000
491 0.0000
1749 0.0000
1895 0.0000
2479 0.0000
1873 0.0000
3701 0.0000
2639 0.0000
3382 0.0000
3507 0.0000
478 0.0000
3623 0.0000
3509 0.0000
311 0.0000
75 0.0000
3334 0.0000
795 0.0000
813 0.0000
3725 0.0000
3743 0.0000
3809 0.0000
3659 0.0000
3667 0.0000
2314 0.0000
3543 0.0000
221 0.0000
3634 0.0000
77 0.0000
807 0.0000
1517 0.0000
1091 0.0000
3937 0.0000
1042 0.0000
3571 0.0000
2337 0.0000
2383 0.0000
889 0.0000
1134 0.0000
1033 0.0000
2801 0.0000
1906 0.0000
1625 0.0000
2982 0.0000
1045 0.0000
1599 0.0000
3898 0.0000
969 0.0000
1234 0.0000
341 0.0000
3761 0.0000
4019 0.0000
711 0.0000
3958 0.0000
3333 0.0000
2075 0.0000
3726 0.0000
799 0.0000
3527 0.0000
3941 0.0000
3845 0.0000
3491 0.0000
783 0.0000
3530 0.0000
2258 0.0000
1094 0.0000
1030 0.0000
589 0.0000
2217 0.0000
1815 0.0000
3683 0.0000
1365 0.0000
758 0.0000
1118 0.0000
1310 0.0000
290 0.0000
3785 0.0000
981 0.0000
442 0.0000
2362 0.0000
850 0.0000
755 0.0000
737 0.0000
1015 0.0000
193 0.0000
1202 0.0000
1890 0.0000
3859 0.0000
970 0.0000
1081 0.0000
931 0.0000
3519 0.0000
3789 0.0000
3799 0.0000
1773 0.0000
449 0.0000
1141 0.0000
3323 0.0000
907 0.0000
3458 0.0000
1218 0.0000
1478 0.0000
3503 0.0000
1174 0.0000
3770 0.0000
3703 0.0000
885 0.0000
1798 0.0000
1949 0.0000
2450 0.0000
1263 0.0000
3775 0.0000
2310 0.0000
902 0.0000
3626 0.0000
3627 0.0000
3646 0.0000
1710 0.0000
3482 0.0000
733 0.0000
1139 0.0000
709 0.0000
3315 0.0000
950 0.0000
605 0.0000
1090 0.0000
3894 0.0000
2942 0.0000
2514 0.0000
149 0.0000
3618 0.0000
3697 0.0000
693 0.0000
623 0.0000
657 0.0000
2861 0.0000
375 0.0000
3591 0.0000
3574 0.0000
741 0.0000
901 0.0000
3929 0.0000
165 0.0000
831 0.0000
1279 0.0000
938 0.0000
3771 0.0000
3863 0.0000
2695 0.0000
3551 0.0000
3887 0.0000
295 0.0000
919 0.0000
3522 0.0000
3762 0.0000
1933 0.0000
3682 0.0000
3754 0.0000
2609 0.0000
1089 0.0000
2435 0.0000
837 0.0000
3281 0.0000
707 0.0000
3663 0.0000
2879 0.0000
3478 0.0000
3439 0.0000
3914 0.0000
843 0.0000
2274 0.0000
2281 0.0000
2487 0.0000
1342 0.0000
2746 0.0000
522 0.0000
691 0.0000
3311 0.0000
2021 0.0000
3934 0.0000
838 0.0000
1031 0.0000
3531 0.0000
3622 0.0000
3473 0.0000
1333 0.0000
2503 0.0000
3878 0.0000
3587 0.0000
1073 0.0000
1489 0.0000
759 0.0000
1499 0.0000
723 0.0000
3517 0.0000
3769 0.0000
3450 0.0000
626 0.0000
890 0.0000
3477 0.0000
2050 0.0000
1115 0.0000
633 0.0000
1422 0.0000
730 0.0000
1602 0.0000
3370 0.0000
1869 0.0000
1381 0.0000
746 0.0000
786 0.0000
1038 0.0000
3641 0.0000
955 0.0000
541 0.0000
511 0.0000
1978 0.0000
3905 0.0000
1093 0.0000
3993 0.0000
998 0.0000
870 0.0000
671 0.0000
779 0.0000
2305 0.0000
2917 0.0000
3890 0.0000
909 0.0000
1043 0.0000
2439 0.0000
1771 0.0000
1150 0.0000
3757 0.0000
1162 0.0000
1438 0.0000
2205 0.0000
250 0.0000
382 0.0000
3970 0.0000
390 0.0000
3493 0.0000
45 0.0000
765 0.0000
710 0.0000
3817 0.0000
1378 0.0000
3818 0.0000
3585 0.0000
1838 0.0000
3658 0.0000
1601 0.0000
763 0.0000
3773 0.0000
3462 0.0000
3441 0.0000
1463 0.0000
778 0.0000
1297 0.0000
3778 0.0000
1797 0.0000
3913 0.0000
126 0.0000
3654 0.0000
757 0.0000
2070 0.0000
1821 0.0000
206 0.0000
1629 0.0000
3161 0.0000
3819 0.0000
3923 0.0000
935 0.0000
3985 0.0000
3843 0.0000
1319 0.0000
3917 0.0000
3498 0.0000
3739 0.0000
1057 0.0000
3607 0.0000
809 0.0000
3862 0.0000
762 0.0000
385 0.0000
2270 0.0000
867 0.0000
3446 0.0000
881 0.0000
965 0.0000
1137 0.0000
4018 0.0000
846 0.0000
1133 0.0000
3727 0.0000
1977 0.0000
794 0.0000
1363 0.0000
1249 0.0000
1039 0.0000
2230 0.0000
1251 0.0000
722 0.0000
3685 0.0000
611 0.0000
3777 0.0000
1493 0.0000
2898 0.0000
3657 0.0000
598 0.0000
879 0.0000
49 0.0000
179 0.0000
1254 0.0000
1417 0.0000
2263 0.0000
3637 0.0000
3678 0.0000
3978 0.0000
3502 0.0000
3655 0.0000
3595 0.0000
603 0.0000
1063 0.0000
2113 0.0000
702 0.0000
751 0.0000
3802 0.0000
578 0.0000
583 0.0000
627 0.0000
658 0.0000
659 0.0000
662 0.0000
670 0.0000
826 0.0000
3494 0.0000
1301 0.0000
254 0.0000
283 0.0000
3814 0.0000
1498 0.0000
235 0.0000
3447 0.0000
3675 0.0000
3963 0.0000
3567 0.0000
986 0.0000
66 0.0000
3745 0.0000
3631 0.0000
895 0.0000
866 0.0000
615 0.0000
650 0.0000
675 0.0000
10 0.0000
1147 0.0000
3874 0.0000
1069 0.0000
3630 0.0000
943 0.0000
266 0.0000
222 0.0000
95 0.0000
767 0.0000
3751 0.0000
3839 0.0000
599 0.0000
863 0.0000
3479 0.0000
3562 0.0000
3613 0.0000
3649 0.0000
3695 0.0000
3883 0.0000
958 0.0000
1157 0.0000
3806 0.0000
3681 0.0000
3715 0.0000
2 0.0000
3481 0.0000
3523 0.0000
3614 0.0000
3461 0.0000
3889 0.0000
643 0.0000
661 0.0000
577 0.0000
681 0.0000
6 0.0000
147 0.0000
182 0.0000
861 0.0000
1711 0.0000
2094 0.0000
3661 0.0000
3673 0.0000
3694 0.0000
3801 0.0000
3893 0.0000
725 0.0000
869 0.0000
3795 0.0000
429 0.0000
466 0.0000
3615 0.0000
3735 0.0000
1186 0.0000
1443 0.0000
2613 0.0000
3465 0.0000
3579 0.0000
3837 0.0000
347 0.0000
2493 0.0000
3815 0.0000
1887 0.0000
1239 0.0000
3143 0.0000
2014 0.0000
2699 0.0000
3977 0.0000
2158 0.0000
575 0.0000
3541 0.0000
979 0.0000
1103 0.0000
1295 0.0000
1442 0.0000
1607 0.0000
1731 0.0000
1814 0.0000
2422 0.0000
2621 0.0000
3537 0.0000
3606 0.0000
3665 0.0000
3742 0.0000
3805 0.0000
3953 0.0000
3954 0.0000
3991 0.0000
4011 0.0000
2013 0.0000
1061 0.0000
715 0.0000
1439 0.0000
974 0.0000
1905 0.0000
3755 0.0000
2177 0.0000
1853 0.0000
874 0.0000
1510 0.0000
2774 0.0000
3055 0.0000
3074 0.0000
3127 0.0000
3638 0.0000
3647 0.0000
3749 0.0000
2182 0.0000
706 0.0000
665 0.0000
1490 0.0000
3857 0.0000
1747 0.0000
1874 0.0000
1802 0.0000
139 0.0000
167 0.0000
621 0.0000
878 0.0000
886 0.0000
894 0.0000
3834 0.0000
3925 0.0000
1005 0.0000
2599 0.0000
1506 0.0000
821 0.0000
582 0.0000
635 0.0000
3094 0.0000
3594 0.0000
593 0.0000
162 0.0000
689 0.0000
985 0.0000
1022 0.0000
1111 0.0000
330 0.0000
735 0.0000
3781 0.0000
3783 0.0000
3946 0.0000
690 0.0000
791 0.0000
1631 0.0000
595 0.0000
1203 0.0000
2798 0.0000
3175 0.0000
1354 0.0000
3827 0.0000
3871 0.0000
3975 0.0000
1579 0.0000
3581 0.0000
3639 0.0000
3919 0.0000
3598 0.0000
3973 0.0000
3666 0.0000
1775 0.0000
3457 0.0000
1401 0.0000
2442 0.0000
27 0.0000
33 0.0000
34 0.0000
35 0.0000
42 0.0000
46 0.0000
47 0.0000
63 0.0000
70 0.0000
71 0.0000
78 0.0000
79 0.0000
86 0.0000
90 0.0000
102 0.0000
110 0.0000
131 0.0000
135 0.0000
138 0.0000
145 0.0000
151 0.0000
154 0.0000
157 0.0000
174 0.0000
181 0.0000
183 0.0000
189 0.0000
191 0.0000
195 0.0000
201 0.0000
207 0.0000
217 0.0000
218 0.0000
234 0.0000
241 0.0000
247 0.0000
255 0.0000
262 0.0000
263 0.0000
267 0.0000
270 0.0000
273 0.0000
275 0.0000
279 0.0000
286 0.0000
293 0.0000
298 0.0000
301 0.0000
306 0.0000
307 0.0000
309 0.0000
321 0.0000
327 0.0000
349 0.0000
365 0.0000
371 0.0000
377 0.0000
386 0.0000
393 0.0000
399 0.0000
401 0.0000
411 0.0000
441 0.0000
443 0.0000
454 0.0000
467 0.0000
485 0.0000
499 0.0000
501 0.0000
529 0.0000
530 0.0000
533 0.0000
562 0.0000
581 0.0000
585 0.0000
586 0.0000
602 0.0000
607 0.0000
613 0.0000
638 0.0000
642 0.0000
655 0.0000
667 0.0000
673 0.0000
674 0.0000
699 0.0000
717 0.0000
721 0.0000
743 0.0000
749 0.0000
750 0.0000
761 0.0000
775 0.0000
785 0.0000
790 0.0000
801 0.0000
802 0.0000
841 0.0000
851 0.0000
854 0.0000
855 0.0000
858 0.0000
859 0.0000
865 0.0000
873 0.0000
875 0.0000
877 0.0000
882 0.0000
883 0.0000
887 0.0000
891 0.0000
893 0.0000
899 0.0000
910 0.0000
911 0.0000
918 0.0000
937 0.0000
945 0.0000
1002 0.0000
1027 0.0000
1034 0.0000
1046 0.0000
1050 0.0000
1065 0.0000
1071 0.0000
1105 0.0000
1119 0.0000
1145 0.0000
1194 0.0000
1206 0.0000
1233 0.0000
1253 0.0000
1262 0.0000
1270 0.0000
1326 0.0000
1346 0.0000
1353 0.0000
1362 0.0000
1383 0.0000
1386 0.0000
1394 0.0000
1395 0.0000
1403 0.0000
1414 0.0000
1430 0.0000
1455 0.0000
1466 0.0000
1474 0.0000
1486 0.0000
1521 0.0000
1546 0.0000
1558 0.0000
1581 0.0000
1586 0.0000
1627 0.0000
1651 0.0000
1657 0.0000
1690 0.0000
1693 0.0000
1713 0.0000
1755 0.0000
1759 0.0000
1762 0.0000
1777 0.0000
1834 0.0000
1854 0.0000
1865 0.0000
1937 0.0000
1967 0.0000
1969 0.0000
2015 0.0000
2106 0.0000
2167 0.0000
2178 0.0000
2219 0.0000
2245 0.0000
2375 0.0000
2431 0.0000
2441 0.0000
2481 0.0000
2483 0.0000
2505 0.0000
2517 0.0000
2595 0.0000
2671 0.0000
2691 0.0000
2721 0.0000
2722 0.0000
2767 0.0000
2811 0.0000
2814 0.0000
2817 0.0000
2834 0.0000
2838 0.0000
2885 0.0000
2899 0.0000
2902 0.0000
2922 0.0000
2930 0.0000
2963 0.0000
2998 0.0000
3003 0.0000
3006 0.0000
3030 0.0000
3037 0.0000
3058 0.0000
3059 0.0000
3091 0.0000
3125 0.0000
3126 0.0000
3131 0.0000
3147 0.0000
3181 0.0000
3197 0.0000
3235 0.0000
3266 0.0000
3270 0.0000
3271 0.0000
3305 0.0000
3317 0.0000
3322 0.0000
3367 0.0000
3401 0.0000
3413 0.0000
3445 0.0000
3451 0.0000
3453 0.0000
3467 0.0000
3489 0.0000
3513 0.0000
3565 0.0000
3570 0.0000
3575 0.0000
3582 0.0000
3589 0.0000
3597 0.0000
3603 0.0000
3619 0.0000
3650 0.0000
3653 0.0000
3669 0.0000
3686 0.0000
3689 0.0000
3691 0.0000
3699 0.0000
3709 0.0000
3717 0.0000
3729 0.0000
3733 0.0000
3746 0.0000
3765 0.0000
3766 0.0000
3787 0.0000
3798 0.0000
3807 0.0000
3811 0.0000
3813 0.0000
3846 0.0000
3849 0.0000
3853 0.0000
3854 0.0000
3865 0.0000
3875 0.0000
3879 0.0000
3882 0.0000
3885 0.0000
3897 0.0000
3899 0.0000
3910 0.0000
3911 0.0000
3922 0.0000
3935 0.0000
3939 0.0000
3942 0.0000
3955 0.0000
3959 0.0000
3965 0.0000
3974 0.0000
3983 0.0000
3990 0.0000
3999 0.0000
4001 0.0000
4003 0.0000
4005 0.0000
4006 0.0000
4007 0.0000
4025 0.0000
4029 0.0000
4033 0.0000
4034 0.0000
4037 0.0000
